0.693086278392002
1.87168974033557
2.67519410210662
3.70908053847961
4.14892024733126
5.94340092805214
6.07298174803145
7.91269439342432
8.19566189218313
9.46687451284379
10.2277713827789
11.284422185272
12.4771894051228
13.5911620452534
14.8053572631907
15.2560302789789
16.4244314837269
17.2840295392089
18.7751900281291
19.9339563811664
20.9911727989092
21.3793391464278
22.5541729214601
23.6626915978268
24.8345325898845
25.9544168082066
26.884347260464
27.7290093684569
28.7085476440843
29.8189321083482
30.4805800430477
31.4398571960628
32.7466867626645
33.8708830301184
34.8797856932506
35.2314811302349
36.6866641747765
37.5197895020247
38.5113020893186
39.0749487236608
40.6237882776186
41.0887118198443
42.9463692856953
43.4667785400525
44.4314812582452
45.15473868954
46.9321794852149
47.4106575220358
48.4408371360041
49.4407285184134
50.6392954986077
51.7334020012058
52.1495532870758
53.3666358445771
54.7286101086065
55.9137156947982
56.7154075910803
57.7372027225792
58.7150709149428
59.8244483608287
60.6644644758198
61.9114032611251
62.5958469249308
63.341036953032
64.8090953107458
65.8234708330128
66.6860816224944
67.5041311411187
68.543990917271
69.2347292690538
70.121491990285
71.9835532456636
72.4140154423658
73.3109737890773
74.0454152922612
75.1769613272045
76.0978095114697
77.1099170197267
78.8577912193723
79.1804673601873
80.2226245680358
81.8629637230188
82.1596712965984
83.9609019802883
84.8346977282781
85.3283157057595
86.2099100400228
87.412874342408
88.3291691904888
89.8462666787673
90.3124627529178
91.3591194378678
92.5911836421583
93.1927043173928
94.0433107640129
95.8291945282836
96.0600274836179
97.7743060030043
98.2668452216312
99.9887240200769
100.712356899632
101.065479524201
102.644676410826
103.256090954179
104.01220379048
105.732353315223
106.052520063939
107.493239481468
108.462397940457
109.094872459536
110.042375065153
111.969298372511
112.191326565808
113.16741340002
114.354807570111
115.619714838453
116.693360161269
117.872028909158
118.009585942142
119.31157279457
120.506314993603
121.488044435857
122.232589025283
123.101872044383
124.769358307356
125.16556832334
126.997314615175
127.207205347484
128.184151323745
129.862295177532
130.967574444134
131.975338861346
132.527787816711
133.926035150187
134.157272472512
135.504831330152
136.746158419177
137.356856850209
138.117979425704
139.769716025097
140.056821609614
141.281620809343
142.683098560199
143.539715638151
144.398557961686
145.036618941464
146.504950797651
147.119865824701
148.100513474783
149.545112943044
150.433242684929
151.078523308737
152.157246591523
153.413913624594
154.838065053103
155.070849804673
156.713325029472
157.889850358013
158.37425077497
159.989400965394
160.155737590976
161.666701886337
162.334023256553
163.821555366274
164.286681060679
165.02826107759
166.943264409201
167.515889795264
168.15191992512
169.813729975373
170.058100277325
171.062485932838
172.590133600635
173.893509114161
174.86614251975
175.911121380283
176.88519477169
177.768873344641
178.948894395027
179.627412340138
180.318814691622
181.427906869911
182.158945126692
183.335651916219
184.514251643792
185.538040040061
186.06303471094
187.1897233536
188.004598250845
189.356018552324
190.569871415617
191.215855898568
192.260187843116
193.116583396448
194.375939006684
195.832528973464
196.753877790645
197.725137598347
198.166751605226
199.836145662237
