0.0128610318060964
1.33447846700437
2.83570768567733
3.7477265947964
4.40723475930281
5.02382399514318
6.02038963953964
7.19353955728002
8.69069082546048
9.12816037749872
10.5968649301212
11.6662580503616
12.1370921866037
13.4415697220247
14.2199625417124
15.7135096855927
16.5480666502845
17.7315978743136
18.9775565995369
19.680230263155
20.7591202564072
21.7958338840399
22.8447746078018
23.6746656936593
24.3267670937348
25.7840021802112
26.2162295680027
27.104514985811
28.2765962698031
29.8450682437979
30.5761100598611
31.7834212982561
32.5219226679765
33.4292119839229
34.8142404747196
35.4975584477652
36.7283314361703
37.410675675841
38.3084810958244
39.2643765558023
40.5116480677389
41.2654079375789
42.4497471852228
43.2559001513291
44.4977728170343
45.5790743047837
46.0968956137076
47.6556755923666
48.6676253033802
49.2779222733807
50.9330256942194
51.4194527154323
52.2585007024463
53.5185472480953
54.2037134894636
55.1401811016258
56.6072975515854
57.195775519358
58.0668016127311
59.9318206633907
60.2276433967054
61.3421109609772
62.6392159187235
63.4358358175959
64.9062607260421
65.5046336927917
66.9627416227013
67.1510032105725
68.0997731790412
69.0592286114115
70.4318256343249
71.7013612054288
72.5257668432314
73.6718714211602
74.6860549033154
75.3910833855625
76.4358239113353
77.0214222210925
78.2607099208981
79.5817229296081
80.3121223286726
81.7935857055709
82.9833382377401
83.5406843894161
84.2683365433477
85.9370752586983
86.0713168943767
87.619298718404
88.3398719071411
89.3160843786318
90.6580229648389
91.900997758843
92.3059408001136
93.3823393725324
94.6313725023065
95.2335169645958
96.9611285119317
97.5743051539175
98.2818381092511
99.1470095335972
100.971222551772
101.652438159799
102.566985840211
103.187212117249
104.718901606509
105.102350863162
106.69742218405
107.105081939138
108.714784082258
109.041805215878
110.552802646067
111.410967421485
112.611226712354
113.507711004
114.74721685471
115.285061378265
116.532710125903
117.793026885483
118.353095373604
119.50142876897
120.684204347897
121.39872507914
122.514175815741
123.666014135582
124.644405372674
125.496365389088
126.440303652547
127.810129403835
128.998860865133
129.760202670703
130.196936054621
131.511850590818
132.931068706559
133.95270127058
134.993297689129
135.221689527389
136.238625211874
137.294081524014
138.506133429473
139.625966813415
140.172841303051
141.01257562777
142.19478631462
143.878847855143
144.881875203224
145.073032381479
146.651781003457
147.73294983292
148.588289342355
149.121196236229
150.022492133547
151.677710988093
152.232269060332
153.647789751645
154.959360311739
155.173826475628
156.926366725937
157.202050523134
158.538690059446
159.228610428981
160.486166602932
161.947922477731
162.075997598935
163.729887602618
164.42576152063
165.637158086058
166.415288560092
167.600452535553
168.151110975537
169.824218853144
170.58497109334
171.473541717511
172.541187535506
173.547871081857
174.287108877441
175.332119960571
176.259826894151
177.591053731041
178.47013845481
179.51157299336
180.783007715829
181.526524466928
182.810938414186
183.628829886671
184.236580787227
185.070029084338
186.942253980553
187.416354665067
188.784629788715
189.71238782513
190.565690438729
191.876091542421
192.716759621864
193.419551424915
194.611842521699
195.446311171632
196.998414163245
197.412998031825
198.405563663691
199.596986788558
