0.384662081254646
1.74149590916932
2.33764179423451
3.73985184193589
4.04862488619983
5.21397685422562
6.17059207404964
7.63221882632934
8.62493363954127
9.21519987331703
10.9648935515434
11.6233631093055
12.5052172110882
13.967909072293
14.3665840171743
15.6497696561273
16.2952192728408
17.6194468901958
18.6763778342865
19.8007115679793
20.1964558779728
21.1944071943872
22.7917552143335
23.9879165797029
24.1781849004328
25.7737296826672
26.2169081559405
27.4104204240721
28.0663148600142
29.9028885322623
30.8873580754735
31.5964142470621
32.8174689405132
33.2316091568209
34.154557432048
35.8338898876682
36.2594487820752
37.9841283666901
38.3034038573969
39.3631895519793
40.5000514730345
41.9157778930385
42.2031173422001
43.70959885302
44.1694866442122
45.4600133788772
46.0831038213801
47.8056307323277
48.3943382811267
49.506180626573
50.224999062717
51.6898882614914
52.8455446013249
53.4214562743437
54.7724377526902
55.6845384773333
56.0892766707111
57.6882232623175
58.0483301195782
59.2838538216893
60.3292413961608
61.1755794661585
62.3141218267847
63.3005782864057
64.2711862947326
65.1315863323398
66.7062432060484
67.2230829566251
68.6762305877637
69.0523722670041
70.4614169071428
71.1487961476669
72.2642792365514
73.825073209824
74.7606667326763
75.1375041080173
76.5294175639283
77.6301130494103
78.7171888560988
79.8563931831159
80.0703946959693
81.0371435682755
82.5980693278834
83.102443104377
84.7452592661139
85.2236952248495
86.0488457407337
87.5879837165121
88.5726444576867
89.3895796355791
90.7824506592005
91.0769913955592
92.3832047323231
93.3237168765627
94.8379530736711
95.0600759598892
96.3523227437399
97.6375284183305
98.1151378410868
99.4956941248383
100.081765594427
101.912289442262
102.917422761442
103.18625407177
104.823636203771
105.482007519808
106.760333647719
107.341653005918
108.967735275859
109.245466650929
110.808895427035
111.053430503933
112.673582428601
113.247259489726
114.115983625874
115.203402127605
116.984508659225
117.60232160287
118.985764431534
119.342829192989
120.55059259315
121.678577159997
122.437945315149
123.785350469407
124.804803156061
125.776197296102
126.158070342615
127.554314615205
128.109036539914
129.554321596632
130.633495329879
131.035686351592
132.769921836443
133.68081507436
134.608972228598
135.645373760257
136.077729784185
137.577789711999
138.414862550329
139.241306102369
140.480461174855
141.474670220865
142.853995476384
143.572760132141
144.564237908693
145.100670981454
146.045216928935
147.808658804977
148.850963241886
149.74523252924
150.307546581607
151.018139776308
152.241352315526
153.183950101724
154.559991812566
155.57398509793
156.101801651763
157.381489086431
158.136578880949
159.758286226308
160.255574039882
161.164060231065
162.886492735706
163.940772707341
164.155625282321
165.884774147067
166.422221726272
167.79874299583
168.073315599235
169.656050403602
170.23933124356
171.381493185647
172.080290368525
173.598567910958
174.640822521178
175.591887701768
176.831286796601
177.00247757067
178.030600982253
179.973708343459
180.636012357892
181.238728328841
182.547441660659
183.992891218979
184.208770912606
185.768852764973
186.190291321371
187.449596619233
188.255812633317
189.450070849853
190.65175944916
191.985334647121
192.56804576586
193.620041854447
194.085465788376
195.239540735958
196.702339249197
197.127130176872
198.082015527179
199.650231115986
