0.108462434262037
1.02796717919409
2.65596288605593
3.05227585905232
4.16878311871551
5.16132003231905
6.18027333007194
7.28292488260195
8.08553650137037
9.07384040555917
10.5703826383688
11.2055567707866
12.3900746868458
13.6192133966833
14.1303827625234
15.5625005145557
16.4834248078987
17.0447122119367
18.1681783478707
19.86373069603
20.4914471623488
21.0999505857471
22.0441586503293
23.937598340679
24.7958351471461
25.8713052640669
26.6804530788213
27.198582342593
28.3010252784006
29.663958056597
30.2062092674896
31.9093285156414
32.1751582981087
33.0883285182063
34.9445273831952
35.0668124672957
36.0341297052801
37.1097194789909
38.545490345452
39.4973333787639
40.8896511755884
41.7585847326554
42.533566751983
43.880756395869
44.79118045629
45.6990154322702
46.0156418019906
47.7502832778264
48.0457793783862
49.1560607445426
50.2045506988652
51.8629345912486
52.4182544311043
53.9961217071395
54.1346359460149
55.583126192214
56.3920899808872
57.1791410229634
58.6583124171011
59.6357662070077
60.8157269728836
61.88585420046
62.6427848304156
63.511404812336
64.3049613158219
65.6484340901952
66.7101491065696
67.0863888140302
68.0249456835445
69.7496267149691
70.8692242573015
71.5524020839948
72.1006989697926
73.3488044312689
74.6521037486382
75.7757715547923
76.2108143616933
77.283801614074
78.735178749077
79.9780505236704
80.9592940905131
81.016180437291
82.050660958048
83.4552682465874
84.4555568501819
85.4525982420892
86.2424743261654
87.8803269905038
88.9878570656292
89.8558211969212
90.1884248892311
91.9409572158474
92.8060568182264
93.9880919174757
94.3520712403115
95.3907747569028
96.4694339365233
97.5137028696481
98.3760362435132
99.463200711878
100.701150123728
101.610577296
102.401667062426
103.393201141385
104.09183447645
105.211439760868
106.253550749039
107.574392571812
108.458487149095
109.693223278737
110.701044896618
111.185687453719
112.782130744774
113.09281515819
114.764070408884
115.092027207371
116.486140925437
117.615258088801
118.446865389124
119.532084159553
120.149982954608
121.202593733789
122.824636651203
123.752456994727
124.622692428995
125.534589054994
126.152560008923
127.799956733827
128.524565782398
129.02797657717
130.380615117028
131.171938315267
132.627604875714
133.785398596898
134.870162168518
135.51057038689
136.151679376606
137.723679988878
138.755286545027
139.118335719453
140.594535595039
141.706127253361
142.774010105059
143.740219550673
144.703476659954
145.978434328223
146.811204219703
147.516621287214
148.902455886593
149.343463679543
150.103144633584
151.818556044251
152.962359937839
153.009983458789
154.136729210382
155.49910806655
156.510383629939
157.258547160542
158.102013925556
159.474522922654
160.824588551186
161.942046836251
162.891141587868
163.347491634311
164.83534060861
165.188780131051
166.203056791797
167.754341711057
168.22012630268
169.451866617426
170.918790542986
171.712082119659
172.951441522222
173.070461029653
174.373827486997
175.848540171748
176.631999108242
177.012864000164
178.494972054148
179.902053504484
180.890149732586
181.946271482855
182.784047963563
183.484078147449
184.180589648429
185.525585625786
186.979655795963
187.535701659741
188.814237640239
189.161486703902
190.498640281614
191.935461985413
192.406464406056
193.870389099233
194.285786891356
195.602212225087
196.722252537496
197.892960653873
198.672208171105
199.761245483067
