0.0671535779256374
1.71977424551733
2.53672698512673
3.60059806797653
4.50618935073726
5.38619521073997
6.24732089252211
7.41486608865671
8.93747195065953
9.56327001727186
10.0351032258477
11.1308155902661
12.6191267736722
13.9595600704197
14.0290918378159
15.6666410837788
16.716737689916
17.5048690533731
18.5953156647738
19.5397210612427
20.0267887390219
21.7596901447978
22.4611901773605
23.6220983040985
24.4890853750985
25.0588912335224
26.6474515658338
27.4496958765667
28.1485236361623
29.775776673574
30.8108345326036
31.8676701027434
32.1805047243834
33.8682383985724
34.0881516127847
35.2471849997528
36.781578969676
37.070623697713
38.6470225290395
39.3824461509939
40.5156649686396
41.1089701706078
42.3600523679052
43.8120233681984
44.0331486510113
45.4458327151369
46.0354476110078
47.7608035965823
48.1532050257083
49.604619332822
50.0664246003143
51.9912284831516
52.9043265695218
53.3072288148105
54.7465245628264
55.9461976387538
56.9292751848698
57.2671133414842
58.7236324951518
59.2161921204533
60.8688173943665
61.796192466747
62.377435458824
63.3593728328124
64.3313367092051
65.1503079787362
66.9499822573271
67.3973905264866
68.0892736911774
69.4355330173858
70.074484528508
71.726572673535
72.0716813737527
73.1206134506501
74.5726978844032
75.5610642663669
76.9662932020146
77.566386344377
78.4283765847795
79.1527880290523
80.607732594246
81.4521204992197
82.9583802681882
83.1709302796517
84.7434045837726
85.8427878706716
86.0029111527838
87.0191988334991
88.7121065594256
89.0287322462536
90.3896008380689
91.369026776636
92.7415548798162
93.2093280933332
94.8756036474369
95.4629390132613
96.9630786050111
97.1126365549862
98.4994981747586
99.519720202079
100.451963193016
101.972575630061
102.527371294098
103.494430229533
104.824141287943
105.076414476382
106.839513536775
107.736256021075
108.702096589608
109.641352553852
110.453281800495
111.440708165755
112.584559143521
113.716091457289
114.345138734207
115.530535615282
116.342191404896
117.976443188498
118.299687628867
119.099085136084
120.682632423239
121.80541752209
122.799551255535
123.041911159875
124.242370157735
125.156994641526
126.995114745572
127.462771502556
128.855327961501
129.864049081225
130.699939913349
131.018710840261
132.585487755481
133.089100031415
134.304013235262
135.455017277971
136.339090577094
137.949068827555
138.551682883641
139.128492500633
140.628542741528
141.56847323454
142.146965453401
143.451296523213
144.163594010985
145.757852566894
146.271849140991
147.408794140676
148.565255839843
149.606389100198
150.609707381809
151.118067716947
152.330451556714
153.285317348549
154.049449651735
155.768719128333
156.874720929889
157.970194959082
158.806853124872
159.163492864696
160.524668469792
161.815038591158
162.184990161797
163.326038628118
164.237613123376
165.187158845598
166.237743329955
167.077903332189
168.607525375439
169.070767984027
170.462892461801
171.136572567979
172.434927514987
173.997698585736
174.479053953895
175.290989914211
176.34053776809
177.219596954295
178.229845646536
179.480336165754
180.500401183497
181.240225205664
182.806862297235
183.500833025668
184.058540266939
185.350009531481
186.842931454768
187.693207503529
188.795668986393
189.939791728975
190.038715083618
191.534226574469
192.07914799382
193.094122855226
194.61085655028
195.974736459553
196.156704379246
197.726174479583
198.7685233308
199.263602542458
