0.0821213719900697
1.91074365144596
2.05831143958494
3.77802602690645
4.94050171435811
5.66199698881246
6.24273203243501
7.07717304653488
8.65200494229794
9.52812908124179
10.3748797310982
11.6582569379825
12.2496400412638
13.6723482157104
14.9222808973864
15.2447427918669
16.9861810405273
17.8060855530202
18.88697808492
19.5176833572332
20.7107990060467
21.888740118593
22.2608123696409
23.0427930031437
24.1456802664325
25.3058399998117
26.5092276092619
27.9828056683764
28.9736771050375
29.7433382309973
30.6332202383783
31.4716035954189
32.0552911444101
33.719459310174
34.2290336787701
35.3516449541785
36.1238523754291
37.3339167006779
38.0325856828131
39.1257883901708
40.8728290558793
41.1051019849256
42.9333218580578
43.0294754593633
44.0031895327847
45.7355532781221
46.5207353299484
47.3942383897956
48.3987023259979
49.7087685521692
50.9419833670836
51.0380700493697
52.0383988677058
53.1523785616737
54.0852003551554
55.718577376334
56.2297234844882
57.5965915683191
58.6824576153886
59.8945520776324
60.0924100063276
61.0643810359761
62.7657973296009
63.3302717453334
64.2089275524486
65.89245500369
66.6551679885015
67.2062413725071
68.3264658930711
69.0969316132832
70.7978020913433
71.1801264423411
72.7268474276643
73.4411924257874
74.7761711829808
75.9152425343636
76.4094247999601
77.7527516975533
78.3295816369355
79.5446072497871
80.1924899921287
81.3785190228373
82.5215871406253
83.5753971289378
84.3203928030562
85.3739089975134
86.9453453517053
87.6894376019482
88.5562167947646
89.3599928976037
90.7315282747149
91.1683681344148
92.8835520206485
93.1650239140727
94.2219276945107
95.0435480119195
96.1146120869089
97.4333008229733
98.2546281344257
99.9396084446926
100.283613517182
101.64029671927
102.971211307449
103.643464298453
104.468186931685
105.083981734701
106.960406291997
107.219325965038
108.204138451954
109.833468674915
110.148415978067
111.688318867004
112.616687783739
113.66830028547
114.410134137375
115.249476052122
116.957607464865
117.362648896175
118.234511601273
119.465071247658
120.212838226464
121.969338928815
122.06326727313
123.55145440856
124.980577983428
125.298675357597
126.032357959775
127.862306480296
128.471713431878
129.917757499032
130.352046342334
131.563832127489
132.791287044529
133.852970853681
134.03867719695
135.661717902636
136.171289530117
137.103338908171
138.428849252407
139.625619142316
140.225301962113
141.82067940291
142.782291832147
143.382442787522
144.841474603163
145.758806512458
146.314523260575
147.492328478489
148.382726377808
149.391798760043
150.676906909561
151.97923582606
152.15767598385
153.53368325904
154.770325991791
155.416255980264
156.924391027773
157.877016814426
158.702993354062
159.870083380025
160.899015966803
161.765098253731
162.363734261831
163.424098965479
164.870368392672
165.267833813792
166.567784883082
167.420999445952
168.093941819621
169.900566234021
170.610264540883
171.136241581989
172.590309786377
173.463491560891
174.838536213385
175.373442366486
176.02959375619
177.081036309944
178.186462628888
179.489117784658
180.968546426622
181.387053716229
182.979196912376
183.706693993416
184.234370899852
185.342676352244
186.501609604573
187.750973416958
188.308694242733
189.290233436972
190.528587630251
191.827802398009
192.362510482082
193.867642761907
194.325681198388
195.417155703297
196.338207793422
197.011761506088
198.80771040963
199.50486395089
