0.108840885339305
1.7679564030841
2.37188383913599
3.65956161892973
4.82631218363531
5.99813107890077
6.22235212218948
7.22621028870344
8.50962134636939
9.54260751558468
10.0194887630641
11.9490039902739
12.8951027584262
13.6814914052375
14.9926373825874
15.0477677013259
16.6456042958889
17.2690514000133
18.9109401244204
19.6293497250881
20.305860776687
21.6711633317173
22.1274078236893
23.3342972602695
24.9116057087667
25.3851485876366
26.7053360207938
27.1882932269946
28.8463249315973
29.4025917793624
30.2883811094798
31.8546899210196
32.8295999027323
33.818053956842
34.5880103241652
35.5575686150696
36.8343495114241
37.0379470670596
38.3407657716889
39.9678647497203
40.9605037705041
41.2921856842004
42.0380807516631
43.4603477171622
44.4317197499331
45.2002366965171
46.8593540114816
47.802591756219
48.7494970650878
49.3950973590836
50.2250254822429
51.6076925003435
52.1655487983953
53.3882027533837
54.1206047248561
55.6118007323239
56.8821999954525
57.5628660372458
58.4226477234624
59.7028837224934
60.5178180679213
61.7179106215481
62.9380539148115
63.737035790924
64.9825105096679
65.4861924089491
66.0138410832733
67.5754295031074
68.3447212064639
69.7640260274056
70.5834220745601
71.2659023320302
72.1431890767999
73.8632425025571
74.9508600651752
75.3186501052696
76.2731081945822
77.820933225099
78.1912269305903
79.8526863134466
80.4877616842277
81.5214783535339
82.9118170849979
83.8602829496376
84.100079407217
85.0877106341068
86.1662322040647
87.4506693868898
88.1424322111998
89.3098981243093
90.448123619426
91.2270698123612
92.6178694325499
93.8040698913392
94.7171085425653
95.6538474089466
96.7747208857909
97.054134758655
98.1700089501683
99.2461475331802
100.711634362815
101.827269338071
102.291553992778
103.063098715385
104.496742355404
105.954830939416
106.784765630262
107.24474517745
108.855361186434
109.792775386479
110.943866127403
111.401217014063
112.809312087484
113.765785529744
114.562294607051
115.449501040624
116.466139155673
117.93046671967
118.502624147572
119.779701551888
120.336259443546
121.878880356671
122.598386370577
123.608770386316
124.363410093822
125.004470700631
126.866362045286
127.479679972166
128.229383371072
129.109012727626
130.046139667276
131.07499110885
132.269785257988
133.074826823082
134.124158388004
135.399798656814
136.038804654963
137.076084678993
138.666396830697
139.589579692343
140.386765234871
141.261307649547
142.662656738888
143.846785336034
144.963497744408
145.521177625051
146.946598697919
147.053597194143
148.299834205536
149.827009607339
150.602513258578
151.821996344021
152.570230819518
153.331645671045
154.910178773804
155.665799365612
156.847321112407
157.135157376062
158.967728829244
159.933008771157
160.65759936953
161.804845919833
162.791123142233
163.873366291635
164.888831333024
165.146916245576
166.80397391133
167.803023819346
168.227737396723
169.743624486728
170.630538224941
171.808645674726
172.84470344591
173.290864087641
174.013900247402
175.706167980563
176.724121135427
177.38405738608
178.987976352451
179.151285060914
180.798140115337
181.921094531659
182.640750637045
183.223124435637
184.532303937245
185.003733592574
186.462534761289
187.663833293598
188.058155619074
189.009411663981
190.857738092775
191.204251016956
192.681874143425
193.747828115709
194.205317555228
195.835120260017
196.956476666732
197.925449512433
198.088523307815
199.201939322753
