0.132003566250205
1.09009315399453
2.9957719752565
3.63309150794521
4.93955930834636
5.91827963315882
6.50584267103113
7.95500654005446
8.06569313840009
9.51080885995179
10.3663991820067
11.2901554373093
12.9925691708922
13.9014457170852
14.5259777544998
15.8907006296795
16.3532597951125
17.7472262245137
18.1168457579333
19.6616289913654
20.2552632617299
21.6851491737179
22.4050441465806
23.2721900444012
24.7355339329224
25.056729421718
26.9513516055886
27.9618156475481
28.2940314568114
29.2185084738303
30.2870572740212
31.3809304952156
32.999743479304
33.4730807393789
34.23311079829
35.9514464244712
36.6302539906465
37.6052882787772
38.233228537254
39.9476431419607
40.4736166910734
41.0581424229313
42.7378923008218
43.8858537576161
44.525581120979
45.6897210394964
46.2524380402174
47.0278136869892
48.6138355480507
49.9441102852579
50.5212051717099
51.6646273005754
52.7885647241492
53.1717314352281
54.8559002473485
55.089667143533
56.8743545771576
57.9708117630798
58.9972308375873
59.3890296646859
60.430255307816
61.2224017828703
62.6275996554177
63.0953730845358
64.6138797828462
65.8523294066545
66.1283770131413
67.9648432524409
68.6913787687663
69.4910361710936
70.3660645575728
71.3840908450074
72.907699496951
73.5357324685901
74.2717524841428
75.0516757052392
76.8429576125927
77.0113012145739
78.2209981470369
79.4161264777649
80.5217355720233
81.1644463455305
82.2794382113498
83.6190057820641
84.7253863739315
85.6236343192868
86.7909876997583
87.4635797138326
88.16762559372
89.2031086664647
90.1451962694991
91.5040289789904
92.453187598614
93.08607180533
94.6163261269685
95.2228168558795
96.7329905468505
97.2945135775954
98.3030852482188
99.0979625305627
100.936100095976
101.565397526603
102.773868839722
103.352606370347
104.318316222634
105.050243319012
106.730711028213
107.355603877921
108.737591748126
109.246315625962
110.548899291782
111.308843897888
112.374688254436
113.417985011358
114.845993059687
115.469165777788
116.385953118792
117.281905737007
118.899249212584
119.956563107204
120.1981974144
121.194297790527
122.275086706271
123.626965334872
124.109484923072
125.936167682754
126.280879024416
127.558061921038
128.761303629261
129.086072644917
130.545725623611
131.720382001251
132.8920440441
133.271853853948
134.082752408227
135.130346459569
136.345687197521
137.942621528637
138.556709667202
139.691815778613
140.014691100223
141.194799186662
142.937718018657
143.833463546121
144.63028718601
145.615886098472
146.160662391456
147.116324516712
148.759394043824
149.011871219613
150.004309587181
151.272496150341
152.158704490168
153.98520157719
154.724347421201
155.866213948699
156.008275099797
157.563224703074
158.896612182725
159.485635834979
160.371707422659
161.679418726824
162.466016679537
163.861356631387
164.166088255122
165.306697879219
166.965591686545
167.931653845124
168.272194304969
169.667823833879
170.006880082423
171.122087809024
172.871143911732
173.368987811031
174.341000155779
175.901858258992
176.295482191024
177.929234478856
178.234955290565
179.079914752161
180.611946979305
181.473995659268
182.419443535851
183.332008935278
184.247806122061
185.395970197162
186.783370374469
187.829389071092
188.1411410328
189.878400258487
190.217597421957
191.556087994715
192.103460498853
193.18914795504
194.216016711202
195.058476982173
196.575934474356
197.049897407414
198.244787202217
199.471765481867
59.1640661766287
60.7985365856439
61.8587087960914
62.8437631858978
63.9181915533263
64.7380877509713
65.8278692045715
66.8508381471038
67.0506936628371
68.8284897496924
69.5490819239058
70.8142086309381
71.6672292116564
72.8451888842974
73.0198219383601
74.8006052298006
75.9260002337396
76.6449888260104
77.5282062422484
78.9419850371778
79.49466916034
80.3702526167035
81.3141818996519
82.1844378020614
83.1587699232623
84.0790920755826
85.585297698155
86.5581395588815
87.0574107349385
88.2854980907869
89.9161293362267
90.7865773057565
91.446157624945
92.1642865098547
93.8272413841914
94.33438973804
95.4479624158703
96.0294202875812
97.8362510660663
98.485598924337
99.1049656763207
100.059818359325
101.681908111088
102.715307063423
103.498231601669
104.546036704211
105.611635754351
106.648152955808
107.958936161594
108.501349743456
109.277605892159
110.152733586496
111.557228400605
112.715012891451
113.308862248203
114.142316037323
115.325361648574
116.87792795687
117.437666960759
118.061497224728
119.057186122751
120.727871407988
121.867382965283
122.642670087982
123.547540707979
124.453541408526
125.491098650033
126.937307108659
127.202495430131
128.1330534874
129.385445450433
130.11422619014
131.638452056563
132.027384694899
133.46140628797
134.857003318146
135.724899347639
136.779182465281
137.341247779317
138.942022424424
139.573688076343
140.272336390102
141.727450049482
142.207819328178
143.883364316309
144.705981314415
145.289976413827
146.507035750197
147.926496550674
148.985038818326
149.474980507279
150.591469891835
151.619329071138
152.039735791739
153.625805831514
154.792033948237
155.285059742862
156.492316376884
157.560172254685
158.185324625811
