0.486562201753259
1.57699142419733
2.92900395044126
3.71916487184353
4.01189601863734
5.30989354057238
6.00914561981335
7.93418998434208
8.93979317112826
9.1400430270005
10.5037725439761
11.0064285276458
12.1790447940584
13.961166473804
14.4670949345455
15.6759611577727
16.6423477078788
17.3612014404498
18.9880698758643
19.4742756981868
20.2940135011449
21.1569323157892
22.8518291050568
23.6327239738312
24.08533095452
25.8126864717342
26.3463843236677
27.1302787221503
28.6265662699006
29.6331602262799
30.9783337549306
31.3528545659501
32.6312649629544
33.8116257183719
34.1329209113028
35.7251782107633
36.2420465333853
37.4168712380342
38.7546895921696
39.6167731857859
40.701789091574
41.3627662877552
42.188132212963
43.4548942784313
44.0744637427852
45.0584354656748
46.5202995936852
47.447409333894
48.7155545272399
49.3224076691549
50.7371809238102
51.0068488954566
52.8545168535784
53.7404616409913
54.0562011259608
55.4947557535488
56.7917701904662
57.0812261849642
58.1387243443169
59.8379396458622
60.5784703337122
61.9406648594886
62.895527172368
63.1839766772464
64.6294447549153
65.0251256464981
66.3733152942732
67.2887431820855
68.2450512857176
69.8816761523485
70.0468797113281
71.1164400668349
72.3986072440166
73.2822673390619
74.8627544683404
75.3658610989805
76.8502367918845
77.9741362661589
78.9359805202112
79.4512319162022
80.4976981137879
81.6383683250751
82.0353681631386
83.4373862922657
84.7566627059132
85.8179312406573
86.7563382380176
87.7587607642636
88.6321439784952
89.4367495253682
90.4410493900068
91.4041471879464
92.8727877247147
93.1395082022063
94.8373003045563
95.1810710595455
96.7393613634631
97.5943682657089
98.7648401050828
99.6932472228073
100.799193931976
101.799793484388
102.946924948832
103.229897828074
104.933133889921
105.264228449669
106.534334651893
107.710528861266
108.50787682482
109.383173339767
110.379150741966
111.454786497168
112.162675193511
113.45216786908
114.246882804204
115.884589908179
116.334925392177
117.953997212928
118.760462136008
119.250348940957
120.307454220019
121.866088534007
122.115997056011
123.331336779753
124.845109011512
125.600465673022
126.91714204778
127.557618281106
128.442923824536
129.00204143743
130.346969267819
131.144704506267
132.281895137392
133.554677592823
134.433776626363
135.749072224367
136.975352486828
137.457125696121
138.038793068845
139.63161903806
140.085055762669
141.490933999186
142.185924472287
143.917993619805
144.703877514228
145.759205959272
146.301913852571
147.641193595948
148.077545532724
149.699910586001
150.891577544156
151.063530568499
152.969188410323
153.321010394022
154.629272104008
155.874583981233
156.497209687019
157.525229538558
158.062548025744
159.668506218819
160.888227426913
161.166632084176
162.897157341707
163.426122855162
164.190831685672
165.254071304575
166.231601414271
167.509508493589
168.18706410029
169.462666028179
170.42573901359
171.103080517612
172.82874478912
173.237752204062
174.356580842519
175.16520168283
176.982600494521
177.769862531219
178.983957686927
179.029787722277
180.273613183293
181.429196321173
182.738260323415
183.334985467838
184.672123634256
185.86075162841
186.80164729082
187.008880310459
188.3113880991
189.776045488426
190.132467687363
191.335077133961
192.166093342705
193.949318090221
194.11912818253
195.116802514298
196.016511614667
197.894912985386
198.303878430277
199.301190672442
