0.19935094146058
1.13723211921751
2.39596583461389
3.41675191931427
4.22382757999003
5.1981469609309
6.91768679511733
7.97070441930555
8.63924551731907
9.10238980385475
10.9961574417539
11.0703698114958
12.0348465691786
13.1333973645233
14.3993499123026
15.1488604617771
16.9259025298525
17.0733378429431
18.8884980152361
19.5502405236475
20.2081570874434
21.5291201148648
22.0811040026601
23.4532762563322
24.564795195125
25.8242005126085
26.728702838067
27.0685178707354
28.3230007933453
29.0690181546379
30.0635907780379
31.4422417378519
32.2526438902132
33.8189060175791
34.9266960173845
35.1242846853565
36.9307335605845
37.3734273535665
38.5237978769001
39.5626279842108
40.4569004974328
41.5938152954914
42.3818019977771
43.7152891317382
44.0860951161012
45.0066336218733
46.0909392177127
47.114711205475
48.1196129894815
49.3493439974263
50.936841227347
51.980271338718
52.6006121325772
53.3126397503074
54.3443049725611
55.874049521517
56.6925320976879
57.5098991540726
58.9735850363504
59.199375687167
60.5436748366337
61.9943673068192
62.9397615548223
63.6785025564022
64.6901569233742
65.5245215499308
66.578741195146
67.6306170001626
68.5726075854618
69.7061772830784
70.0537108802237
71.0168268100824
72.230719741201
73.0687966602854
74.141679662047
75.8122665262781
76.8036335590295
77.7534199904185
78.5476057298947
79.005344146397
80.7736465237103
81.442638678709
82.4791500996798
83.0225781765766
84.0837250633631
85.9853011122905
86.8639718033373
87.5458231572993
88.5099395844154
89.829488666961
90.3532293955795
91.8841402262915
92.1139090741053
93.1832063167822
94.9607980414294
95.4869867023081
96.4334456732031
97.3537482635584
98.3893194757402
99.4585968642496
100.5863254047
101.732482045656
102.807276588632
103.759730631253
104.001346835168
105.069113948382
106.502124769846
107.676263624569
108.697792257182
109.048299001995
110.69181420235
111.489164693514
112.876702183625
113.358124823309
114.291232616873
115.561328784795
116.488188419491
117.718478212832
118.553783974145
119.887190888403
120.469421654241
121.431866129627
122.33337816014
123.888353900751
124.09567347914
125.145282636629
126.519927781308
127.524511260912
128.932985290186
129.934726639651
130.654854143504
131.653651135508
132.629411565373
133.695871121716
134.971226645866
135.303928553592
136.190508484142
137.576197009534
138.019377628341
139.705920547945
140.295622529462
141.754017178668
142.540730938315
143.377017024672
144.382943662116
145.90184692922
146.912865747465
147.436714710668
148.378496526973
149.70633016224
150.636005928507
151.164017566713
152.143697404768
153.952119388618
154.917091405718
155.643637396162
156.627632843796
157.18676335481
158.543709329562
159.437595866388
160.592462551314
161.034807345364
162.421336834086
163.524737881264
164.252509786282
165.91086072824
166.033735477366
167.947599464562
168.122303304495
169.53895171429
170.179179272847
171.438522771001
172.00104240654
173.436283414485
174.243930991273
175.68976443843
176.719989659498
177.032767889788
178.218927315669
179.700151855359
180.588182325941
181.74978221301
182.738527659327
183.648221458774
184.489309756318
185.029413055861
186.003832503455
187.592468325747
188.452191378921
189.220086360117
190.587015266065
191.111027104547
192.490599106299
193.432149334112
194.703990709968
195.142131557688
196.241209224099
197.67607823899
198.913748764899
199.749397823121
