0.956324628321454
1.45159227424301
2.59157797717489
3.75069020478986
4.60146699566394
5.28606735635549
6.74695419357158
7.01263710297644
8.45014621526934
9.92595868767239
10.9590576111805
11.5761818655301
12.8398327794857
13.597591835307
14.328450744506
15.4214155625086
16.11907740077
17.2222382251639
18.3856442891993
19.6431883100886
20.2062441501766
21.6467016986571
22.6830019420013
23.6438531412277
24.7090513838921
25.8932494740002
26.272448920412
27.5892843063921
28.556924572913
29.4936979713384
30.2746956862975
31.7366736703552
32.2647211852018
33.3269978845492
34.2454673175234
35.5453513595276
36.1267274525017
37.2063376298174
38.4676515550818
39.3242709129117
40.7501318594441
41.0073360984679
42.568812744692
43.2348655536771
44.8765708350111
45.3052697225939
46.8977966443636
47.4749878973234
48.7884711851366
49.441722049145
50.1591089658905
51.3117121721152
52.3351180192549
53.4512843675911
54.635974150151
55.0680876791012
56.5898967823014
57.7692505137529
58.977462626528
59.9211171739735
60.3816998633556
61.3804761986248
62.8424455150962
63.9717093030922
64.3472387697548
65.1604122286662
66.0448158786166
67.6155141931958
68.2114936963189
69.0086753738578
70.5292016810272
71.6664038805757
72.3683767276816
73.3619042620994
74.200465814909
75.8931226539426
76.7703405646607
77.614395106677
78.2267182627693
79.1408165406901
80.7151122353971
81.7653395032976
82.0370809095912
83.1845789332874
84.2510781481396
85.465683856979
86.0760208952706
87.4715083388146
88.1199851124547
89.5056255850941
90.7992699018214
91.6649854185525
92.120396330487
93.5250963878352
94.5601494570728
95.4616680771578
96.2768491071183
97.2020344082266
98.6127493304666
99.1935399146751
100.995584778022
101.171152633848
102.656377482461
103.868853981607
104.925377162872
105.954679023242
106.81106407335
107.407345146639
108.93142108852
109.433391953586
110.232990501449
111.894667460816
112.509195587598
113.065941798734
114.576399275335
115.701970594935
116.479344342835
117.747206768719
118.460779641755
119.400451999158
120.373259746702
121.033854943933
122.834395261947
123.94543895917
124.713396308944
125.295396792935
126.892478241585
127.805911411298
128.57460519555
129.101426525274
130.986585933017
131.629422157072
132.154607183067
133.915789237479
134.176839990774
135.858756619738
136.47738969163
137.132697048364
138.619892252609
139.121034014272
140.438563589938
141.165533968946
142.183179461164
143.321948570665
144.234418588225
145.564452313818
146.970972947776
147.107221267885
148.106106786523
149.945853058714
150.111000617966
151.390712356195
152.130370557075
153.520458362298
154.330593273742
155.097306969808
156.08243471384
157.512429951224
158.868872973369
159.076863497496
160.564545392524
161.66017183708
162.612397965509
163.131855848012
164.603384508751
165.501498158555
166.727912016911
167.356526578544
168.777275639586
169.588173535652
170.19006920536
171.091435665498
172.798348344397
173.949588104617
174.530558587285
175.920888509834
176.873225501506
177.938272793544
178.237005316652
179.931715707527
180.584426159738
181.346383768832
182.619768584613
183.615990830818
184.475676716538
185.040301892906
186.498177960981
187.456301491242
188.657289205585
189.20404336811
190.394192647422
191.936187037034
192.421770104673
193.416000931524
194.224630103679
195.092403993011
196.540642139735
197.845359283034
198.038820888847
199.072178227594
