0.826210062718019
1.73029226157814
2.99423559312709
3.26623412943445
4.78620737232268
5.6080160739366
6.29966551717371
7.46953978622332
8.55704085342586
9.54638976161368
10.2769245642703
11.2966368047055
12.7700617632363
13.1834065085277
14.3305976847187
15.1164662672672
16.5926038208418
17.6305380363483
18.3448540363461
19.9254252095707
20.9503838666715
21.7366091427393
22.2140438596252
23.9544782051817
24.8734134256374
25.6727772031445
26.8521492383443
27.142683717655
28.1400243791286
29.6301790925208
30.9530707111116
31.8760099548381
32.7481046703178
33.6338485931046
34.4820844125934
35.8675188182388
36.6342831647489
37.6164619796909
38.7083669598214
39.9916789331473
40.5594322974794
41.9892527933698
42.2901887730695
43.9205602000002
44.5185047062114
45.4577856953256
46.3097796326037
47.6693376528565
48.8376078242436
49.104927319102
50.6204086083453
51.6602433815133
52.8417834602296
53.7815318219364
54.42911812081
55.4137452454306
56.7370945943985
57.9173867481295
58.3363927262835
59.0362312651705
60.1343948266003
61.4868912370875
62.9878948503174
63.4734920542687
64.8241454367526
65.5438271570019
66.7097303506453
67.5445767585188
68.8034016599413
69.9706232857425
70.693161071511
71.1076795225963
72.6333145922981
73.95963457576
74.8701893743128
75.4586064564064
76.2660580745433
77.6709597029258
78.1295450928155
79.1453982831445
80.5118701730389
81.983528531855
82.9125624978915
83.2165573430248
84.5306099320296
85.4066515048034
86.2538329642266
87.7616095170379
88.480784276966
89.2709221357945
90.6088904438075
91.2488624674734
92.2949391102884
93.8376730754972
94.1860601517837
95.8713273575995
96.769747809507
97.1500555148814
98.2956351067405
99.8503229287453
100.296037608758
101.763911837712
102.339204314165
103.924600826809
104.192089586053
105.185622328194
106.920406609308
107.215008972213
108.456924783299
109.82198646781
110.268191898009
111.281512008747
112.945222475566
113.04404191277
114.387258901494
115.957390690921
116.288603318622
117.738920562901
118.680913438089
119.006178001408
120.004010838922
121.315972959856
122.571286337683
123.117988980142
124.448664207477
125.618769448949
126.756845861441
127.777562348871
128.980816117954
129.133193696849
130.548039630288
131.935227224603
132.740681836614
133.824393988121
134.872579768533
135.912141827634
136.950724113733
137.24917621538
138.571018447634
139.440672524041
140.303250311175
141.468106906163
142.530159840826
143.46915223496
144.380379524315
145.141196130076
146.650423302548
147.662061811658
148.988967670361
149.772286375985
150.674066427862
151.926083638566
152.200898707146
153.591953274095
154.98710516328
155.083957798546
156.558232002892
157.499820307828
158.502689533634
159.778972674394
160.447560175322
161.600071486784
162.516624496784
163.984456153354
164.134465702344
165.401130803162
166.365410383791
167.646172454581
168.828737043543
169.009030308574
170.577184474561
171.553195630899
172.967577700736
173.662705749972
174.211671373341
175.789920387324
176.468482290395
177.815887241391
178.883388049435
179.403857210185
180.237412565853
181.275031051366
182.210428809049
183.796546206577
184.708473600214
185.902286938159
186.332621685695
187.276967117097
188.98580415966
189.525751360925
190.687326957472
191.962932067225
192.186850882601
193.930609936826
194.827398024732
195.161443101009
196.227852527751
197.599828280974
198.073756321566
199.218169958564
