0.60548261879012
1.61768102971837
2.1566286275629
3.36852862243541
4.25677946745418
5.27561309188604
6.22451373538934
7.17352009145543
8.96369938366115
9.92771945428103
10.0111008626409
11.4210745797027
12.7497621928342
13.5575734563172
14.8390956500079
15.2557931046467
16.9935143936891
17.2648190369364
18.0727781271562
19.8569370438345
20.5661961112637
21.4014987992123
22.0262074300554
23.6145059533883
24.2460029534996
25.5408833927941
26.8536196560599
27.4935284603853
28.8104009523522
29.2860637409613
30.70819718251
31.7932720370591
32.1753374708351
33.504477159353
34.7026492513251
35.1677687086631
36.3931816937402
37.1393417671788
38.6278214931954
39.120054258965
40.4396499374416
41.9250256761443
42.6220229624305
43.4394552232698
44.3933954555541
45.0944398257416
46.1605986207724
47.6594808592927
48.0217434675433
49.7968274666928
50.0801982635166
51.3541120665614
52.7068647870328
53.258568022633
54.4917076011188
55.6382788047194
56.0220846671145
57.8253585328348
58.1092901581433
59.4111431392375
60.9139941453468
61.1939813776407
62.9866574208718
63.7287070925813
64.4716761757154
65.7477957629599
66.9238302921876
67.7797977726441
68.7948086189572
69.6500585789327
70.0563554519322
71.3396632527001
72.0041574877687
73.6954849211033
74.9516177682672
75.1384652922861
76.9861846081913
77.2195463797543
78.3494523852132
79.170595333213
80.4068288484123
81.9451612359844
82.7111719788518
83.37742113485
84.2896711707581
85.239019960165
86.0091358656064
87.9860225105658
88.4057920824271
89.4063626059797
90.377531429287
91.295970300911
92.3858397605363
93.482648143312
94.3340628158767
95.2070954842493
96.9084493000992
97.8968036368024
98.0815758819226
99.7825749481563
100.725482426584
101.383899573935
102.105130265234
103.285512374016
104.979971514083
105.416425523581
106.211580073694
107.251785669243
108.620821228949
109.162206393434
110.005446787691
111.643083316274
112.924921494676
113.918576680589
114.230336177396
115.325330569874
116.487905835267
117.543895799434
118.05167572666
119.049332962371
120.10668796557
121.429316307651
122.088711503893
123.5743729854
124.939687424805
125.207115775207
126.262400073232
127.078767564381
128.905615137657
129.557151300367
130.062265448505
131.711406130809
132.794440866914
133.155672742287
134.194154842524
135.478048857069
136.518513297895
137.737179185264
138.7501004152
139.587290704018
140.755575406132
141.087317079073
142.247428046074
143.221479514614
144.003858417738
145.194445681525
146.557917037513
147.006902986672
148.698645818513
149.600284000626
150.888655175921
151.903336951975
152.237593123689
153.476899306057
154.448363607284
155.261795326602
156.529131266521
157.42492940044
158.455004443415
159.655294373864
160.562737961067
161.050202665851
162.472178145079
163.823667750927
164.677749453578
165.517657863442
166.985776999965
167.776355184149
168.567492868286
169.449627782684
170.048642255366
171.846975542605
172.223461468006
173.288714791415
174.822383554885
175.324586687842
176.613604110666
177.112445548875
178.396803836105
179.825632462278
180.430383072468
181.307349459734
182.691341716796
183.027164066676
184.66407819069
185.244003629545
186.021063565044
187.801794148749
188.387198320357
189.454372037668
190.368795602117
191.271517141722
192.08405018365
193.575931413332
194.14704535855
195.101592701394
196.353278643452
197.074100650381
198.575335304486
199.753626265796
