0.381007826887071
1.10678945295513
2.84157578018494
3.44319679192267
4.48505963711068
5.24841888737865
6.99466500035487
7.88238954590634
8.88508511567488
9.34106967877597
10.2875523888506
11.9688296979293
12.6630396875553
13.9160587657243
14.0340641972143
15.0645994686056
16.3129822269548
17.7884017438628
18.4576403712854
19.8713849270716
20.1997045644093
21.221557072131
22.7893570375163
23.0570248686709
24.8943348745815
25.1978242804762
26.3878029587213
27.9601877410896
28.3352284543216
29.6810241977219
30.10333246761
31.4217073100153
32.4419024600647
33.2194437717553
34.7980338043999
35.0397680136375
36.8403977185953
37.7245210073888
38.0487699056976
39.0385087751783
40.5079943812452
41.9735034762416
42.9566251484212
43.4222619412467
44.7185076666065
45.3948190137744
46.7037566776853
47.7291039170232
48.8899224135093
49.8351288973354
50.1301011007745
51.2669476552401
52.3184901515488
53.1739157335833
54.4576776726171
55.0678441359196
56.6002909420058
57.3339395432267
58.3059240621515
59.5872087825555
60.2215066580102
61.3779952125624
62.370832542656
63.9529750985093
64.7709188803565
65.1717419549823
66.9483213576023
67.8704355212394
68.8910586237907
69.7480757238809
70.1229205199052
71.8943174688611
72.7387847404461
73.9231856095139
74.9931099268142
75.3166965174023
76.1109992107376
77.4214395415038
78.916389351245
79.2136517446488
80.58577362285
81.0974606992677
82.7137410317082
83.0847897466738
84.2176292531658
85.3146913293749
86.7864494174719
87.1743949870579
88.629232255742
89.430838940898
90.3233148783911
91.4910744163208
92.21687168465
93.2681009997614
94.5639594942331
95.9543398921378
96.0282971097622
97.4747095494531
98.1644037638325
99.8787077192683
100.384725861251
101.654267930891
102.133703537518
103.921743305167
104.016987941461
105.184596584179
106.534614040051
107.362652444281
108.193583426066
109.39236538182
110.136500620982
111.810807470232
112.013020661194
113.976834010333
114.594402312534
115.964161381591
116.613463840447
117.338454939658
118.558678292669
119.655965620186
120.032538264524
121.998563272413
122.334631314967
123.964984455146
124.960022182204
125.592690383317
126.840366905555
127.217174930498
128.381048696581
129.964260563254
130.108933793847
131.457186661428
132.893047462683
133.168662415119
134.803125641076
135.472031669458
136.666232685093
137.112204822944
138.091704582097
139.595014591468
140.114261166193
141.635569344275
142.845477915369
143.657594532939
144.527688153321
145.91385068954
146.167010236066
147.80887140194
148.81058559916
149.329683454707
150.759397913935
151.507644859143
152.62334432546
153.020182952518
154.733635763405
155.323310914217
156.717768885894
157.523985403823
158.616485364269
159.69352105516
160.749992422527
161.7972697441
162.048033973901
163.550346191041
164.129514130764
165.431398588931
166.300728236791
167.028297618264
168.300080168061
169.190713744611
170.129286253126
171.106958498247
172.334679366555
173.25344729377
174.448138816515
175.364167572698
176.382058413001
177.008341777604
178.199678382371
179.804609027458
180.089000981068
181.403918203199
182.557213987224
183.278804449365
184.762688049581
185.992419018876
186.13173414208
187.93864774704
188.994962137658
189.665959079284
190.988729054807
191.016944939271
192.113174462924
193.956849797163
194.539122116053
195.416318090865
196.768553819275
197.444376931759
198.108920485247
199.221930247964
57.3915162601043
57.7392152012326
58.7996180830523
59.6116904839873
61.0151409136597
62.4293374670669
63.5157209909521
64.3426865651272
64.7190386978909
66.4665517753456
67.3556367233396
67.8308592098765
69.1998997705523
70.4259713620413
71.111566565698
71.9671564109158
72.8214653662872
74.5178465626668
75.5631047331262
76.5176572271157
77.3970770884771
77.6614749094006
78.7837793377694
80.4596950013656
81.5823782710359
82.1430950015783
82.9186046356335
83.6872198120691
85.2684853600804
85.6771410775837
87.3750610139687
88.501675697742
89.5471799403895
90.2267579033505
91.1116929245181
91.6236257629935
93.132329697255
93.9733238981571
95.5760847611818
95.9967757563572
96.6203104981687
98.4832938809413
99.2693752739578
99.9461630217265
101.381969871698
101.916408688761
103.346224240959
103.932703919942
104.959709231043
105.924311464187
106.655772245489
107.821868680185
109.530986406375
110.06877876888
110.864805629244
112.15636880626
112.915767847793
113.703008619603
115.277744565392
116.416404969059
117.360760334646
118.486854073824
119.423868731828
120.142566195922
120.702726306161
122.013107245788
123.549193530111
123.663012516918
125.019509358099
126.306749581359
127.405140037648
128.479898899794
129.324136680691
130.157416979084
131.333564156201
132.339897934813
133.463344715303
133.650658063591
134.704389543505
135.820635448908
136.899689045036
138.416403790005
138.785410592332
139.955500101205
141.214326227317
142.308039197698
143.568361185957
144.441618999001
145.267122087535
145.779805996688
146.61020106962
148.556486834539
149.448339974508
149.881342954468
151.103433768963
151.887200725731
153.345056359423
153.94520225958
155.537971798796
155.772202937398
