0.744216323597357
1.53555064415559
2.30777851981111
3.12389706261456
4.20375797152519
5.51155071449466
6.98250339832157
7.60706994729117
8.95320153306238
9.11513729323633
10.1926829062868
11.8805516879074
12.1600736181717
13.056986606447
14.1967613268644
15.4150759074837
16.1842850139365
17.4880156826694
18.6044159927405
19.1681308201514
20.0531939140055
21.3489973046817
22.2144758342765
23.393765240442
24.0180082039442
25.3686757590622
26.2172820819542
27.7429978286382
28.616294527892
29.3714391901158
30.910688737873
31.9798867686186
32.8735673592892
33.4504169879947
34.5776224357542
35.6863596132025
36.4290119446814
37.5776902309153
38.6353249391541
39.5637070394587
40.9570103127044
41.7090761291329
42.402907540556
43.8123468656559
44.0676295659505
45.9752402943559
46.1474372192752
47.3126988352742
48.3223793590441
49.4581331738736
50.761689866893
51.5575563616585
52.1096830165479
53.1681271048728
54.011147542391
55.6345258678775
56.1135415204335
57.9586392231286
58.8531279396266
59.3193358511198
60.3848528093658
61.1239314726554
62.0411898270249
63.5773006775416
64.3244674843736
65.4538736385293
66.9907433430199
67.4274697450455
68.5577010931447
69.8873901970219
70.1469747994561
71.9049390659202
72.2122759926133
73.1538244530093
74.1037761445623
75.3395581857767
76.2757118919399
77.574864940485
78.2232673380058
79.5567032438703
80.6303919043858
81.4045953745954
82.4241423401982
83.9105802867562
84.563139596954
85.5718239254784
86.4613493131474
87.2576874224469
88.4534890132491
89.7669192848261
90.0859672736842
91.3779110114556
92.4519058363512
93.8357700107154
94.170226289425
95.4011312795337
96.4938550523948
97.363719183486
98.8063234607689
99.7631381705869
100.985653839307
101.530759969959
102.655155949993
103.585589175811
104.071818251163
105.702610329725
106.331310149981
107.971417684807
108.247735122684
109.244855640223
110.733871118166
111.961937558604
112.356799474452
113.244592364412
114.393851938192
115.702823481988
116.077599742217
117.777933975216
118.425809829263
119.414362183074
120.662980346009
121.219392474042
122.219637075439
123.539431701414
124.357177188154
125.270494854311
126.636086652288
127.290613985388
128.748690190958
129.531341756228
130.128320512595
131.064809669042
132.381780807627
133.095042411471
134.977150119841
135.777825845173
136.134672428248
137.819619316142
138.139542006655
139.196245175553
140.448151918594
141.312509357696
142.357325711288
143.340562674683
144.684768063715
145.148067912087
146.854416504269
147.671856360044
148.156375898281
149.089879070176
150.84030190832
151.426190000959
152.438568883575
153.23409107537
154.392211542465
155.252751244465
156.92015685956
157.108278967906
158.030805756105
159.088401645189
160.346747918054
161.569213990122
162.109783868538
163.306276370306
164.658160957275
165.682076581521
166.191448129714
167.996999230469
168.310720265843
169.073118234752
170.905117675196
171.292516158428
172.84496144997
173.475488899276
174.17303898884
175.650695831748
176.569189277478
177.006930415984
178.107106046053
179.384088003775
180.262111397926
181.987791025313
182.605225804495
183.02816489595
184.430694973096
185.979542981833
186.604547888506
187.544090006966
188.903395317495
189.292088639224
190.835866025416
191.400416384917
192.914357785136
193.071804280858
194.733390686801
195.501718294108
196.447741163429
197.323385378346
198.515252688434
199.120040513342
