0.700230553513393
1.51573610049672
2.82801085477695
3.03810904012062
4.99077863106504
5.96063448209316
6.57715756609105
7.32627395587042
8.7801752074156
9.0907822959125
10.4562680048402
11.3715560575947
12.2424631095491
13.0454226953443
14.6354274156038
15.2227562526241
16.2726137263235
17.5484284835402
18.4172141596209
19.9775124324951
20.7298291767947
21.7184774379712
22.6535679204389
23.1147515636403
24.989840118913
25.2091087594163
26.5982320937328
27.9525085901842
28.1495183263905
29.6120953545906
30.6799670548644
31.4607514680829
32.0026306586806
33.479837937979
34.5400779275224
35.7079893101472
36.1242609613109
37.9479789906181
38.0761649096385
39.1888811434619
40.2157486623619
41.2871688972227
42.9382929713465
43.5460445475765
44.6598311229609
45.3577600189019
46.1088183990214
47.0611016678158
48.0896660271101
49.2237794562243
50.7036901707761
51.1299001304433
52.9355780452024
53.0942495544441
54.3945844089612
55.8363870980684
56.3418687253725
57.0957769602537
58.6340694227256
59.8685744372196
60.3202499181498
61.2182797428686
62.930703754304
63.1744239032269
64.9935847527813
65.4019721311051
66.7276028606575
67.2830265464727
68.50383199309
69.2134297729935
70.7595925501082
71.2704876898788
72.950199726969
73.7913649731781
74.0552468758542
75.3226859685965
76.9479873068631
77.0645349770784
78.9367225409951
79.5594956958666
80.6309351075906
81.6824872384313
82.1559522105381
83.39384186198
84.8642323762178
85.8089866589289
86.0891922216397
87.0441886780318
88.7284576743841
89.4277082805056
90.8183995326981
91.553548806347
92.1033045956865
93.7339070045855
94.7417525597848
95.1803926990833
96.9385813158005
97.6238042945042
98.7272866130807
99.9799523763359
100.543946377933
101.264381304383
102.151309098583
103.537689623656
104.930094166892
105.868246106198
106.968765049707
107.689865647582
108.134557665791
109.892700977158
110.137036314467
111.055810531601
112.683972968254
113.067100194283
114.235721737612
115.203186060768
116.197138378164
117.19278390659
118.524605162907
119.58985333587
120.73567354423
121.146346874069
122.723244484514
123.840155320009
124.681295379298
125.016004028497
126.946265240433
127.751820740756
128.569046133664
129.80240602605
130.104887952562
131.675486465683
132.973553093616
133.971222026274
134.666414594743
135.554452232551
136.786386493826
137.388662649551
138.932298345957
139.537781553576
140.752666952088
141.457305593649
142.184451951645
143.334838407813
144.021305009257
145.32213656255
146.541186716175
147.181564639555
148.769189071609
149.809483840363
150.171400305815
151.797568570822
152.977257032413
153.004331080941
154.365867565153
155.215875458438
156.621239631437
157.614736260148
158.010942760389
159.73334045196
160.579095312627
161.665463679936
162.69134372822
163.586496937554
164.410520002246
165.192317096284
166.383670789888
167.434271827107
168.741858907742
169.111505703535
170.532178180292
171.151152109494
172.022215841804
173.14147624583
174.126201367937
175.918539638398
176.411842655158
177.350341383135
178.628563836683
179.785351786064
180.353579636896
181.459852202563
182.109289923916
183.795586312423
184.325017954223
185.324798867572
186.238520607352
187.113132162951
188.953772773966
189.202452914324
190.1705967905
191.749776009237
192.967337356647
193.997226263396
194.30305763334
195.06299707084
196.6667662377
197.274365381803
198.267158228904
199.679908564081
118.965261265635
119.617022890365
121.491741946898
122.045020541176
123.240704349009
124.260059502441
124.806564876577
126.16719288216
126.910261792829
127.555670640199
128.625754190609
130.023423029575
130.946361570852
132.332181372447
133.520517063793
134.126760656247
134.816096682334
136.085357146338
137.017389566405
137.92442742479
139.031755857635
140.45587396482
141.44060054631
141.943813083228
142.562162762042
144.223457650514
144.802376187872
145.912583045429
147.419726271648
148.065777105046
148.868483081693
150.123547654366
150.992378447438
151.551423168276
152.822968550026
153.700679902686
155.354214659426
155.963938845322
157.290686849039
157.904339857632
159.354690758977
160.118976477999
160.706913921516
161.993835441535
162.611861515092
164.46534437919
165.385288974969
165.861537343357
167.237750585657
167.983769436367
169.121635110117
169.53706545895
171.466652811505
172.13279405795
172.942336465465
173.899152996251
174.983422606485
175.878631900763
176.950935620116
178.104774743784
178.660916481866
179.66910647857
181.032981906552
182.137877431465
182.956764435396
184.03920717095
185.030449595302
186.055416602409
186.645406059455
187.645982451038
189.305464165984
190.162389208796
191.295681511518
192.15950372722
193.246552751865
193.732803622261
194.85258055036
196.070163291413
197.04341401672
198.428422003519
198.982943993527
200.279678598279
200.725993776461
202.378446267918
203.395582562778
204.171433060197
205.090767441317
206.107752819313
207.117161969887
207.757464153925
208.854033595417
209.973230045987
211.008957911981
211.864571390674
212.809618406231
213.833596240263
214.95765211992
215.563263129676
216.804702971363
218.1992579957
