0.281813079724088
1.77737061888911
2.36214388930239
3.63933370844461
4.57336749974638
5.65361950895749
6.31870161485858
7.81175352749415
8.31485179672018
9.84619472268969
10.6760113362689
11.5694808042608
12.3538842618
13.3808544846252
14.5308642920572
15.5889791627415
16.6556300020311
17.9281344830524
18.4662360581569
19.1450244712178
20.1526014660485
21.7299192007631
22.8795575306285
23.0997817651369
24.1810517187696
25.9220474839676
26.7580916546285
27.5265601186547
28.2596735642292
29.9179758464452
30.9614430584479
31.4814390947577
32.7058797399513
33.9138084219303
34.8202471958939
35.6673071286641
36.7534312158823
37.8476662880275
38.8221707418561
39.1276150625199
40.1844271307345
41.4186388903763
42.9094399346504
43.81612390792
44.9527441882528
45.9959506001323
46.9006148686167
47.3544540780131
48.1294241840951
49.2350025654305
50.5340622502845
51.8275866452605
52.3524843682535
53.6409877880942
54.6261239219457
55.6914815346245
56.6969017942902
57.5964703129139
58.4208133721258
59.1562010550406
60.7120029099751
61.6604194408283
62.7798889225814
63.9690972084645
64.6589738826733
65.9837789917365
66.1494687369559
67.7977747914847
68.6993909936864
69.9803407709114
70.9782197673339
71.6736970734783
72.4454928073101
73.4994703654665
74.0624713494908
75.7927150253672
76.1182771027088
77.8162370657083
78.32383707189
79.3838125776965
80.8591300745029
81.6125914417207
82.7345860041678
83.6697240700014
84.0631635559257
85.6069131270051
86.8303856530692
87.6017492064275
88.137342316797
89.963194206357
90.4221972918604
91.9968499881215
92.2480233071838
93.4510471532121
94.2162703149952
95.0885176616721
96.5416775515769
97.7921727288049
98.7159781248774
99.4175723607186
100.90763752372
101.15305367671
102.747574429028
103.36230117525
104.96982008242
105.884292067261
106.067245779326
107.078863849398
108.614064192632
109.440487791086
110.248941672733
111.439757680986
112.147895217873
113.676608414156
114.158734650817
115.064577429323
116.565522979246
117.390885965899
118.078856325475
119.575579306809
120.638490931829
121.845426147105
122.745466182008
123.32324050786
124.482307554921
125.985535891028
126.748446120182
127.10551746795
128.037905313307
129.130648009712
130.990281630773
131.637209256878
132.579262529733
133.252953641815
134.814522895729
135.407259970438
136.740891020279
137.591930811992
138.79320587148
139.905643224949
140.011978152907
141.131514733424
142.781089770608
143.988844461506
144.527195115574
145.598325683037
146.435096406378
147.41000782582
148.72450474184
149.965254611336
150.932193938177
151.90019369591
152.622125077294
153.61325433827
154.003841336817
155.139954237966
156.032135408837
157.876645350596
158.565455773845
159.295583768049
160.253784347791
161.838503438979
162.547735327156
163.677874233807
164.151109163417
165.442723617423
166.017726953607
167.791190598626
168.775836437708
169.002760524396
170.912274301052
171.620580361923
172.805414073635
173.71980825346
174.41394373402
175.95633719652
176.673718618229
177.543048474472
178.817636465188
179.062922159676
180.160438814433
181.980900790775
182.904121321393
183.350905064726
184.820564436493
185.616580119357
186.199436857132
187.902610861929
188.981395019218
189.235054342775
190.978180119302
191.152788924985
192.977816411993
193.461195640266
194.998146584025
195.037913903594
196.872702731285
197.731229550671
198.75194799318
199.783367048716
106.425718324492
107.585674959002
108.313449445879
109.47544691409
110.530200277688
111.23589703883
112.502719198586
113.846058908384
114.998154712841
115.792573513696
116.235475050751
117.800343246199
119.027031700127
120.017487136181
120.902291932842
121.583369840868
122.485051379539
123.722720374819
125.064348764252
125.391781758517
126.729709503241
127.211853027577
128.852994549787
129.616540578427
130.63104003598
131.982206539484
132.810078368755
134.016843706137
134.806170087075
135.686083025066
136.980779495323
137.325199437095
138.109158153646
139.231171266641
140.154292905703
141.117909142748
142.662321214564
143.933743252885
144.388201666996
145.642177411122
146.715920555405
147.223865599371
148.434039260494
149.139231019886
150.986214597011
151.708038329147
152.737189834239
153.316559363389
154.655856985366
155.595981144113
156.195078327321
157.521072866395
158.356339640217
159.647162383422
160.70030645607
161.1384308259
162.326766237849
163.548850300489
164.412554333219
165.430838692468
166.711108148796
167.092026755447
168.50665242644
170.044478355907
170.867371345172
171.146585357608
172.137650266057
173.123452923726
174.219043293269
175.655583074782
176.482971377671
177.355175462784
178.093827453209
179.591799100395
180.322250588099
181.663401276106
182.622778363293
183.887433313997
185.064204385271
185.107182602631
186.234698389424
188.010015238542
188.187918454176
189.896580213914
190.137748821639
191.811935777077
192.345827746671
193.467807583511
194.116983959917
195.753321374999
196.6294701593
197.076078423066
198.78900687187
199.659701275406
200.825879547978
201.183389115613
202.191944954451
203.138681205921
204.275944511872
205.308041831944
