0.581207404145971
1.83418655139394
2.10418237908743
3.50724733108655
4.18407314154319
5.69420926598832
6.19596659718081
7.71818124060519
8.38627426559106
9.57719022850506
10.0998618591111
11.5178396091796
12.4875728562474
13.8336771053728
14.9905856882688
15.3935936058406
16.5849233737681
17.9558009866159
18.3932257536799
19.5952700215857
20.6151167496573
21.0893591048662
22.4401581024285
23.3666831145529
24.8858278382104
25.7196409692988
26.2405280752573
27.3108113242779
28.5919098372106
29.6963487381581
30.965233375784
31.7884522306267
32.9836114901118
33.1350095164962
34.1606933877338
35.4695898036007
36.5508798053488
37.2352387188002
38.1243619050365
39.2134088757448
40.769876743434
41.6364090701099
42.0532831884921
43.9243281574454
44.0662731989287
45.2929740317632
46.9091061740182
47.6109616502654
48.2354548668955
49.0899497878272
50.0329676074907
51.5760506351944
52.4774707874749
53.0287733199075
54.0329528069124
55.0364638150204
56.3113082970958
57.9804593122099
58.397190881893
59.1479133546818
60.0903185096104
61.1827055488247
62.5555750494823
63.8295754501596
64.8028631664347
65.3223160633352
66.1399658559822
67.4404424908571
68.1365411356091
69.4761167995166
70.6425785638858
71.8527379964944
72.9550241024699
73.845462861238
74.894160836935
75.9826992701273
76.4108035850804
77.1740555311553
78.8252583432477
79.1538785321172
80.6666734877508
81.2408305357676
82.9645104140509
83.5215423440095
84.8549608115572
85.9682207691949
86.5961423455738
87.3681723072659
88.2431260533631
89.0385589492507
90.4676439287141
91.2099212277681
92.7110133960377
93.2338879883755
94.2161436825991
95.997817811789
96.215803908417
97.9800317452755
98.76364414813
99.3378615640104
100.362113616429
101.545860535465
102.10534073296
103.5087620751
104.752354572294
105.43822845351
106.275318099419
107.079076329246
108.815245250706
109.154921487905
110.955423886422
111.58535925718
112.115757953608
113.488438065164
114.178635063116
115.77110278327
116.991843712516
117.271765973419
118.240339009091
119.828163490864
120.607799645048
121.031548764557
122.094840123085
123.138054287992
124.798826231854
125.709535994567
126.537373074563
127.452578931581
128.845746412873
129.556921330746
130.324303144822
131.074126237072
132.963732413948
133.913206058322
134.754651368363
135.514114431106
136.697173834313
137.506719147088
138.972143266117
139.236161196604
140.858104693936
141.63106306945
142.121724383906
143.480529265944
144.613427176606
145.247354725143
146.237923738314
147.825560999569
148.276006604312
149.3055559278
150.656852031127
151.982669428922
152.375867037568
153.412017344031
154.453066176036
155.903271806659
156.335990703898
157.786905199988
158.685976649169
159.21833540732
160.448966176249
161.387917275773
162.116590783931
163.228995243087
164.417765560327
165.951768214582
166.325404872652
167.465694938786
168.669421849074
169.70536399656
170.869214217179
171.831391376909
172.278722162126
173.899108046899
174.188335445244
175.475106236758
176.760611736216
177.356882011285
178.06735787238
179.557040163781
180.045563763939
181.014723010361
182.460321022896
183.36746369279
184.368749622256
185.675578324823
186.435333499452
187.149715855252
188.441249924479
189.08634438226
190.844334156718
191.555226576747
192.078098105732
193.30202510627
194.881663073553
195.66166067333
196.822777167428
197.539472753415
198.430248695659
199.735764841549
66.7371248314157
67.6149136037566
68.8711839970201
69.982907416299
71.0828770841472
72.0830299078953
72.5784381567501
73.8920300076716
74.926515464671
75.7633728256915
76.1541577479802
77.2232798875775
78.6587210346479
79.3473935355432
81.0898014269769
81.2300110622309
82.9564544057939
84.0556940992828
84.8843895944301
85.5266591662075
86.2767024028581
87.6933653180022
88.5797786398325
90.1050518765114
90.2931746793911
92.0194674811792
92.7682238540146
94.0183957277332
94.8698457397986
95.6015600354876
96.3179147962946
97.9333749020007
98.1455141124316
99.550586811034
100.748340622056
101.742753979284
102.251748669893
103.831071688794
104.397511977237
106.085117836716
106.511477902532
107.375289378688
109.026411662111
109.636294880183
110.772188180359
112.040575202787
112.852639247663
113.602472396335
114.556598130148
115.219795505749
116.910909706261
117.216270044912
118.76393881673
119.310576812131
120.628057259368
121.847168095177
122.328764495673
123.98036617972
124.50375800184
125.414050782099
126.166848482331
127.206275144126
128.341470495798
130.122790528461
130.710011611227
131.52152482979
132.787311097607
134.10832776688
134.929526045453
135.707373693353
136.191951750312
138.083824830828
138.510517855408
139.686805846868
140.823336000787
141.861953808228
142.343805568991
143.186546737095
144.88843882829
146.016757062403
146.250093468232
147.802701390348
148.616878003813
149.970389604568
150.550702056149
151.276177763939
152.384559035068
154.050414697733
155.091864453629
156.094557690434
157.06417482812
157.225052416325
158.297936096089
160.130409677746
160.702047544299
161.543520591222
163.131273708539
163.568739622133
164.457283115946
165.530773457373
