0.841418131254613
1.70137979323044
2.1924840612337
3.35513827926479
4.43104482698254
5.13863972900435
6.79074551910162
7.83478712756187
8.52630129689351
9.52975566289388
10.7338869234081
11.3441908759996
12.7224117033184
13.1927252009045
14.1693349212874
15.5052281627432
16.7400718834251
17.3159708580934
18.14786328841
19.3302177882288
20.5891343874391
21.6187265571207
22.9432354536839
23.5274070755113
24.1713833534159
25.581212178804
26.5461498997174
27.0237683579326
28.4897659481503
29.2291743063834
30.3042105932254
31.0316501641646
32.1080094177742
33.4762592143379
34.9685105120298
35.1324594407342
36.5389374964871
37.3297511932906
38.013449531747
39.576683210209
40.8958035199903
41.5827395531815
42.0741988776717
43.7771905108821
44.7691561656538
45.5800583218224
46.5841459538788
47.6982748457231
48.6174888527021
49.3972157156095
50.1456397362053
51.9757487049792
52.0954107993748
53.2944867794868
54.6819845777936
55.7628988465294
56.8876812944654
57.9997613327578
58.2122338023037
59.2033190496732
60.9574552639388
61.8309780876152
62.3600512086414
63.9247683698777
64.5217285729013
65.9469921297859
66.9878221692052
67.9364077872597
68.5147355701774
69.5648226873018
70.760758938035
71.3342376276851
72.0600944117177
73.6124266153201
74.7186179324053
75.1110290151555
76.5305109149776
77.2331326280255
78.4921749676578
79.9498267853633
80.4902769078035
81.4873434444889
82.750854593236
83.2995890232269
84.5632489288691
85.4357693083584
86.3224056479521
87.3830335307866
88.8332814720925
89.3804308092222
90.2766596113797
91.6327961338684
92.0177658703178
93.4217243569437
94.9928256394342
95.884468235774
96.8825062043034
97.6428680878598
98.555540950736
99.9275382007472
100.173365039751
101.194153994322
102.494432539213
103.07917966973
104.933505345602
105.225909104804
106.398289336823
107.147919649491
108.042207548162
109.102920189966
110.521404351108
111.349813919282
112.716108768014
113.378790495452
114.089514953084
115.986092313658
116.938509979518
117.061159641016
118.923600679729
119.480594614986
120.612044382142
121.416217989754
122.584052368533
123.780300394632
124.635397557635
125.296810154337
126.846352006774
127.661094205687
128.42594893137
129.314531285083
130.576963505242
131.182779208757
132.000125916442
133.512942715548
134.161457321607
135.05470492621
136.584333571838
137.041988385143
138.221039383439
139.660346834222
140.229307213565
141.23986162222
142.758091128897
143.38477520179
144.898940957384
145.470423306106
146.186450492591
147.538888691692
148.427023853641
149.689188372111
150.735945713939
151.326984503539
152.230808309978
153.142509648344
154.074678943725
155.566483716713
156.639480879763
157.532655960415
158.947144143051
159.681287917076
160.975617135409
161.540355348494
162.477982305922
163.39180243155
164.253917401424
165.018540326506
166.07158340537
167.193880136125
168.395211480092
169.403522427892
170.714084890205
171.396338558989
172.347809027415
173.13564363867
174.897947783582
175.439732686616
176.068010204239
177.822734558489
178.362944551511
179.526492220815
180.168942992343
181.157320345053
182.798080220353
183.796793559566
184.224481408717
185.255710052792
186.412395803025
187.071971331025
188.561310019111
189.23895222391
190.725736441789
191.504498048685
192.185640668962
193.223643364618
194.713748849463
195.164841306629
196.078423994128
197.833121930715
198.750294037163
199.863093348453
