0.819134048884735
1.51322161825374
2.66489117732272
3.03630847600289
4.37751667876728
5.0937598797027
6.10057779960334
7.58209995436482
8.64414474926889
9.38537296606228
10.7848369160201
11.5706583207939
12.8175567488652
13.8854022424202
14.2611373211257
15.1344369510189
16.2682625250891
17.8624850101769
18.5471588068176
19.4341331131291
20.7068518267479
21.8149278247729
22.136284820037
23.69591008313
24.3174920354504
25.9334641986061
26.0727788498625
27.7509585123044
28.9639245222788
29.2527281499933
30.5585665311664
31.3568066195585
32.68965721922
33.7500981187914
34.2384943219367
35.2198604443111
36.8106466021854
37.0414640363306
38.7112075430341
39.6203103542794
40.5637542540208
41.205599158071
42.8107079896145
43.7949935069773
44.9153659064323
45.2129493416287
46.4025090767536
47.3633280997165
48.7932021291927
49.754294954706
50.6761993842665
51.9195153382607
52.0554310912266
53.9561846309807
54.2539944166783
55.7581753015984
56.7577417290304
57.7600323336665
58.4870274988934
59.0729059975129
60.3951652480755
61.1348486791831
62.336272533983
63.7290174737573
64.0746936739888
65.7794136463199
66.5200503426604
67.6884958024602
68.8409058388788
69.5087401259225
70.3650555245113
71.2405704101548
72.3647071931046
73.773177630268
74.5449136800598
75.2570101723541
76.8747275734786
77.8076944078784
78.5851259070914
79.8071452837903
80.3569995614234
81.2588042470161
82.8894209808204
83.124855434522
84.0500978049822
85.3097141825128
86.3159129549749
87.6189968353137
88.3097641903441
89.1311991338152
90.5169515076559
91.4724739319645
92.0354316374287
93.8862220125739
94.0449696008582
95.857002401026
96.8919488040265
97.356532452628
98.8397635729052
99.568186054239
100.505638293689
101.321844185004
102.672464621253
103.701807726407
104.492180239875
105.038789228303
106.019334092038
107.631739470409
108.862704798579
109.199679635698
110.470877351006
111.271999380086
112.408718063496
113.266852518776
114.518704944523
115.143123869086
116.761440632399
117.788722561207
118.912518717814
119.169759225333
120.286976071773
121.444738241145
122.423185664928
123.335658437107
124.40873704711
125.484334936598
126.265587992268
127.90617817454
128.555419778684
129.967260486912
130.473206223454
131.430169245694
132.519160800846
133.116152067203
134.39637995814
135.257005535066
136.430345244706
137.318332675844
138.412125235191
139.593611519551
140.139978965046
141.377685968298
142.39795635012
143.9380399324
144.469639374409
145.442827546271
146.857724655652
147.73152869055
148.453388668597
149.326572973281
150.048810417764
151.763387906831
152.071825632825
153.748815064784
154.013539918233
155.014374467777
156.989287040429
157.435486030765
158.637202295242
159.253088449826
160.473641437711
161.203310532263
162.525255788118
163.387455450138
164.211363188224
165.330003984971
166.643316797446
167.292433803901
168.425587194739
169.714196605375
170.13793011778
171.55954201729
172.280444876058
173.53171616653
174.641834547743
175.36808387842
176.975351852132
177.780273673357
178.126372747356
179.236360106152
180.38151405775
181.079626415856
182.273090503877
183.557667314541
184.651902095182
185.775256040739
186.496954760049
187.66636837367
188.358972115908
189.588946941774
190.88414150686
191.261696904898
192.229931901675
193.605060234433
194.086337961955
195.387515812181
196.997184718726
197.937221968547
198.013995151268
199.362065487774
86.4691407307982
87.4104605012108
88.7505686760414
89.6556797223166
90.6273791964632
91.9256334945094
93.1880208358634
94.3051885361783
94.5011597010307
95.7531839930452
96.7215729616582
98.0775512631517
98.3523253509775
99.7719530330505
101.034964994993
101.864829866448
103.20182605274
103.627462196397
105.225585603621
106.220695621334
107.293965397403
107.837872619275
108.862257717177
110.267352561001
110.78400043305
111.421611530241
112.648993125884
113.594470514217
114.39813945163
116.254634845769
116.728564511752
117.55963247316
118.420505461283
119.790584861534
121.046758721117
121.359768508235
122.548015953042
124.190215576673
125.104178633308
125.603874557652
126.325063124532
127.479460535105
129.12182837096
129.659289502539
131.109787486261
131.759157137945
132.569807656109
133.743056243286
134.409884443972
136.017595057841
136.585649120621
137.775483983802
138.560219404288
139.675435476238
140.605524981394
141.488613965455
142.571917448658
143.40606232686
144.548892297084
145.627502020681
146.956387497252
147.797712439438
148.402265768964
149.832664929563
150.477060052333
152.165981968865
152.703267578967
153.96681857924
155.258357516723
156.209852486616
156.939262824599
157.805397481425
158.985159033211
160.217524481239
161.034770057304
161.415131032467
163.277359426487
163.632260086946
165.129233903484
165.96565303579
166.999384088209
167.893463923596
169.229443118675
169.340911700157
171.206757823005
171.873049819143
172.947769637918
174.256886040792
175.123339090729
175.79669246613
177.017624353757
177.972262481693
178.767421271186
180.061368684517
180.46391048003
181.8615631375
182.989110445371
183.953650050564
185.207202670397
185.850139550399
