0.972952437587082
1.78034312231466
2.31840187334456
3.4898820463568
4.19817101792432
5.64021440618671
6.93716966477223
7.24760343972594
8.6703093489632
9.87010326771997
10.6681191176176
11.7436307517346
12.0409525209107
13.1726013547741
14.7767818490975
15.376992265461
16.6905603953637
17.3222616503481
18.2886361856945
19.9197053730022
20.9904105411842
21.8946177631151
22.5080896180589
23.2078776562121
24.5994815111626
25.392312384909
26.6909761009738
27.1182265211828
28.3704650145955
29.883924749447
30.4718033524696
31.0781738529913
32.8209314504638
33.3164870361798
34.7438720967621
35.7286787002813
36.8617511217017
37.2190072683152
38.9751282671932
39.8089273520745
40.6170897253323
41.0960282497108
42.1451023158152
43.4803240366746
44.1303474819288
45.3971401781309
46.8175129836891
47.8320565356407
48.2408700822853
49.6976441387087
50.5250104754232
51.446866933722
52.8789341750089
53.0120587293059
54.2724209642038
55.8237653307151
56.253428836586
57.5043800279964
58.8677428329829
59.2241847638506
60.2395179220475
61.3711551630404
62.1307700087782
63.28618397424
64.0206764261238
65.6998615795746
66.9428740362637
67.704223702196
68.6589044071734
69.0775650779251
70.9195202731062
71.2991805796046
72.4520011062268
73.3709690447431
74.8145647086203
75.7826683437452
76.6842128918506
77.3695268610027
78.6069423817098
79.8552992253099
80.6068775120657
81.9236676979344
82.0024381219409
83.6337551884353
84.6879830942489
85.1183641506359
86.8696044320241
87.7123996377923
88.5458272618707
89.726395634003
90.7960141093936
91.9652252187952
92.7808347712271
93.1900209309533
94.0866680173203
95.6655183220282
96.5467579450924
97.6528320794459
98.5857932448853
99.9982377318665
100.19672280876
101.698942471761
102.256804332137
103.309572521597
104.522735854145
105.696047808509
106.660946780816
107.11516893981
108.37775651319
109.525369443698
110.837426612619
111.609964456409
112.391787384171
113.813290388789
114.844012605259
115.527895442909
116.280454148538
117.551709332503
118.390091645066
119.344160681823
120.619537977269
121.407373211812
122.8198067802
123.60626463755
124.395978672896
125.284563458757
126.001814110903
127.230696673272
128.580305144424
129.361963867443
130.899169084849
131.339463213924
132.511936936062
133.659820743836
134.800722230226
135.303648858797
136.99613001314
137.562358062016
138.875585493864
139.398055823985
140.130199600011
141.570734455017
142.180604738416
143.899578675395
144.323395625921
145.826767106075
146.044119983446
147.397709285608
148.779386700131
149.261817950988
150.105336052366
151.853534772294
152.391130086966
153.953193773516
154.430891101016
155.378733371617
156.488306244835
157.189598483499
158.230980410473
159.738314562477
160.141450849362
161.286095231771
162.084251800086
163.112973728217
164.538608625298
165.785203577485
166.1513332373
167.162785051158
168.680451921653
169.38892686693
170.672793072416
171.219927073689
172.993200615281
173.179904823657
174.462959572906
175.873425272992
176.922284431988
177.881763324607
178.9992622789
179.970098338788
180.725585942622
181.003675298998
182.724775691051
183.144254441373
184.800671269652
185.950541710248
186.308963137213
187.30973904836
188.247485073982
189.412834931631
190.057959123515
191.139966280898
192.927999920212
193.616196326911
194.317372165387
195.138447892619
196.021777228452
197.598373194225
198.620622103801
199.996442097472
