0.346640509087592
1.42861274885945
2.78465188737027
3.91779485601
4.03420632844791
5.31096270820126
6.2590883038938
7.70983124896884
8.2816295241937
9.52568189613521
10.7509654681198
11.365251630079
12.8175031875726
13.6695215692744
14.2664681153838
15.1893257475458
16.8067811946385
17.0735508222133
18.3000281318091
19.8637095340528
20.6684673258569
21.2436892413534
22.1121398371179
23.5184351424687
24.0057700197212
25.9708207508083
26.2493532085791
27.3193523960654
28.4655521893874
29.6149715406355
30.8306455051061
31.7327366718091
32.5678960471414
33.4731241520494
34.020804787986
35.1439473782666
36.9069038226735
37.4312430287246
38.3494542646222
39.6810884999577
40.1292709885165
41.0106852673925
42.1390218862798
43.0069685047492
44.0042526850011
45.7669150985312
46.6859811584
47.1704706090968
48.7160334161017
49.1675064489245
50.9040411664173
51.9310351829045
52.4964655537624
53.2387687000446
54.1804151176475
55.2510036504827
56.9099667316768
57.4239847222343
58.9825060048606
59.0450044616591
60.7450105522294
61.0000835435931
62.7315041313414
63.4241067536641
64.1841035804246
65.2750050222967
66.430899676634
67.1894672748167
68.0081567370798
69.1938072296325
70.4202903173864
71.0913863675669
72.4789789721835
73.4554639582057
74.820443371078
75.4114113119431
76.600347121479
77.991769967135
78.9627569299191
79.7990473480895
80.3786925035529
81.089948073728
82.3834317144938
83.9780706025194
84.9151523655746
85.7975987526588
86.3945161090232
87.5478461640887
88.1798255704343
89.1850227941759
90.6252686330117
91.3785024769604
92.0106944651343
93.3532381933182
94.1612090659328
95.6562208023388
96.9872776775155
97.5140674393624
98.877709310269
99.9672399358824
100.303040860919
101.418837393168
102.093773228815
103.602463473566
104.210258748382
105.557752379449
106.89503061818
107.945545318304
108.912656248547
109.670839717612
110.049803974805
111.642174799927
112.669178785291
113.533555654343
114.162307749968
115.034849701449
116.911711812951
117.289083982352
118.154120840365
119.774412283441
120.401714469539
121.360226201592
122.620140344137
123.083510250784
124.233245585347
125.974085566122
126.862307809759
127.294589907397
128.073963055853
129.021799422568
130.845548691927
131.780008660397
132.936623879941
133.957817276474
134.220567042241
135.394231634447
136.492763526272
137.054870250402
138.915669393493
139.512401576387
140.731431216002
141.118369638687
142.326298455708
143.753124698997
144.002007259522
145.955603664741
146.240052568028
147.206000107806
148.791040227283
149.761353811948
150.414982600603
151.405247109942
152.237268443219
153.593230793485
154.39712621225
155.742587142857
156.919617635664
157.58168438985
158.130028311163
159.02104297909
160.175166178029
161.781172002433
162.70339341322
163.475598816527
164.026302305283
165.399208520539
166.826860964065
167.738079472212
168.195475176908
169.168764826842
170.578281825176
171.778228237759
172.462162122829
173.333189910278
174.282444192795
175.729692393914
176.283506209729
177.955356560647
178.76038037613
179.880395559827
180.181040796684
181.09622940165
182.21956460108
183.664947775658
184.976384362439
185.918148557423
186.289624402998
187.379515831592
188.702548899455
189.847333066631
190.905429489212
191.592798135011
192.190005575307
193.577411107952
194.045754756778
195.451405627886
196.786598824197
197.606330548879
198.632401637966
199.419848104939
