0.220585152273998
1.87769596301951
2.59730378794484
3.15018527791835
4.98686213768087
5.14774292567745
6.36125801457092
7.03984500328079
8.36492172651924
9.40800176840276
10.8746645457577
11.6388795122039
12.6466213262174
13.6444074409083
14.6550401442219
15.4324920715299
16.0921143686865
17.5615694597363
18.8911683792248
19.2311207232997
20.2229609871283
21.2606956909876
22.7154218091164
23.3693643806037
24.8318706746213
25.0438619744964
26.9097597904038
27.3174858640414
28.2516699661501
29.055874025682
30.603237350937
31.4712223228998
32.1933158966713
33.3413006949704
34.8738440985326
35.197998610558
36.928215749329
37.3903334666975
38.8344312855043
39.8592014668975
40.6075620183256
41.5084023717791
42.6474003575277
43.8734036332462
44.1646428552922
45.4402694241144
46.9377860445529
47.747662718175
48.7235099400859
49.7133406903595
50.6669370294549
51.9997173163574
52.4024598528631
53.7576030667406
54.4925125730224
55.2884789716918
56.4874561890028
57.5879053350072
58.6705554474611
59.9983518829104
60.4449588474818
61.0172089573462
62.8284446904436
63.3169238369446
64.1100407293998
65.3727614020463
66.7864557947032
67.6445377951022
68.8368793630507
69.7495969564188
70.4053880383726
71.151181103196
72.7854961508419
73.9695545197465
74.6084140466992
75.7393716219813
76.536897191545
77.5225492455065
78.871964388527
79.3900391762145
80.2677399460226
81.0659891094547
82.1406856300309
83.9863971599843
84.8397051927168
85.7735173292458
86.7315441253595
87.8454835664015
88.6953854931053
89.574806521181
90.0578128546476
91.6582858890761
92.6467918434646
93.69541281485
94.6598413311876
95.5636727882084
96.0675584191922
97.8647787915543
98.7738067202736
99.8522499697283
100.918905319413
101.039253222989
102.662639907794
103.889559840085
104.861872171285
105.636931904824
106.364314307459
107.005003724247
108.295559166232
109.458060799632
110.541358026909
111.793243254302
112.984582840465
113.307996566407
114.070520512061
115.758299951674
116.029441944323
117.201290622819
118.250967912376
119.427893016953
120.468541700626
121.043293703347
122.785929440055
123.636309780879
124.596940457588
125.456129976548
126.842132926919
127.275185515173
128.535856863251
129.736689690035
130.379929371877
131.229686652543
132.649641188327
133.908843287034
134.528633764479
135.2929709577
136.414545122068
137.230129987933
138.006539046299
139.185136978747
140.778477633605
141.190485302359
142.598691883031
143.525613123784
144.881431860151
145.857865069993
146.848065269878
147.069634526735
148.303354423726
149.765281406231
150.705293711275
151.333068570588
152.420129552949
153.185861178674
154.451288557379
155.113841336686
156.283042461146
157.579404994147
158.198277259944
159.443708631909
160.625185969053
161.626873777481
162.714057492325
163.129980627913
164.651872205082
165.082444821019
166.638800298562
167.625390189933
168.206811137497
169.424230307341
170.716219515307
171.565238846233
172.841175776673
173.023106663488
174.927308679093
175.553845671238
176.836773957592
177.144009859301
178.973008395871
179.328697641846
180.499616139336
181.756090226583
182.068321441067
183.197207276011
184.040412483737
185.628911976004
186.944805761334
187.349323441973
188.108394756448
189.162385656266
190.38204682502
191.576727440348
192.717494443059
193.449946984882
194.50218578917
195.36333839898
196.691078185802
197.756545156008
198.126600967254
199.840819722274
111.146609941265
111.880168909673
113.117461183108
113.773513520369
114.884486681083
115.627690125955
117.513090966037
117.733999605058
119.002027789829
119.98865523329
121.162393418374
121.731558367377
123.455592222512
123.642297673039
124.622004109668
126.449501942378
127.139898615656
128.308596390299
129.481740945252
130.162596360315
130.813553332584
131.608505249489
133.491983738728
133.620410624426
135.311161850579
135.702223053435
136.914709004108
137.645043996163
139.414527415764
139.69164661807
141.030193259474
142.180691972142
143.193842903245
143.725539417937
144.735727505991
145.759267320158
146.937011185102
148.521932046162
149.302740305662
150.358832352329
151.25509019359
152.472660375992
153.027976758545
154.338047892554
154.840384091716
155.750241073547
157.200681254501
158.211287733866
159.188574614469
160.227390532847
161.046677139122
161.827664793236
162.645649554906
163.665412344271
165.031906127231
165.799172104103
167.206957528135
167.657848572591
169.282366449013
170.022698184242
171.288383270148
171.824228078593
173.532210950973
173.739249392645
174.675336316228
175.777238855371
176.714186559198
177.837200777838
179.090097364504
179.734712491743
180.799656209536
182.193608518457
182.578277083579
183.644667770248
184.610158219235
185.998045560438
187.477886833018
187.725404917262
188.759497930761
190.287151925033
190.595222888282
192.3326260217
192.798012744635
194.455909650773
194.841983047314
196.124748256523
197.033524170984
197.982608744176
199.452226467896
200.001993031008
201.466890202137
202.306949980557
202.67009501881
203.720794798108
205.232262832345
205.841389587382
206.757618005155
208.174464831362
208.816537057981
209.880193980411
