0.919642919674516
1.92783093778417
2.59926312649623
3.83036391064525
4.22566590551287
5.23130736965686
6.17527271481231
7.9700412878301
8.23364342027344
9.35618796525523
10.6195491307881
11.1687558321282
12.972418210702
13.3403729363345
14.2253092112951
15.488912162371
16.3611330823041
17.7571979702916
18.1653661986347
19.9775702736806
20.965484576067
21.4806911915075
22.4751900078263
23.1591678662226
24.2741666408256
25.7964875116013
26.7244613610674
27.5112403910607
28.2231290957425
29.3135046800599
30.2806166871451
31.5292994407937
32.5274748899974
33.1980254664086
34.1905054077506
35.8633236098103
36.1926330588758
37.4331400867086
38.6485758654308
39.9364539200906
40.3212532275356
41.6964297571685
42.4555006048176
43.8094839740079
44.5472550459672
45.0201426011045
46.6631528113503
47.146733621601
48.0563594021369
49.7551681885961
50.5052583504003
51.0580329769291
52.9522441094741
53.2974258342292
54.4392741394695
55.003041931428
56.11049515591
57.7369718272239
58.1872943681665
59.0408750071656
60.0709715113044
61.4670106545091
62.8484906568192
63.5508233169094
64.0853810657281
65.7780817085877
66.1556179150939
67.165223517688
68.3246115145739
69.9854677931871
70.4000164542813
71.6123178345151
72.1387271669228
73.9747963596601
74.6391150527634
75.9554603814613
76.8945173327811
77.7145589059219
78.790017219726
79.2785330908373
80.6123533358332
81.602328050416
82.7367279990576
83.5420440051239
84.4240095149726
85.546343900729
86.7019779174589
87.468395805452
88.9008274199441
89.5988129600883
90.2895096174907
91.9776035305113
92.4771431065165
93.1963002700359
94.2581037757918
95.9776854959782
96.7589891289826
97.851641284069
98.0119484639727
99.6238646379206
100.594661496812
101.398504841607
102.409279274521
103.29470389057
104.661161938915
105.448407072807
106.344287368935
107.622464882676
108.818345978623
109.650740082376
110.63927173987
111.028692234075
112.362037512008
113.980687241768
114.330037657404
115.267213556916
116.531604422955
117.444140129955
118.312689059414
119.792781512719
120.32351550716
121.62819829979
122.167055836646
123.924718828639
124.102203504415
125.901595021132
126.457399856765
127.763443667442
128.766010895604
129.753580702934
130.265443784418
131.761351967463
132.970902696485
133.936977306148
134.095674861223
135.767813511658
136.857708751224
137.489536186215
138.755911294371
139.233732637716
140.039809853304
141.061777516035
142.118538356386
143.804949505255
144.952088149264
145.572770202532
146.261508528609
147.053218126064
148.166173439473
149.023014335427
150.284293988021
151.038666079752
152.860234766733
153.638666007202
154.928454854758
155.121892331401
156.826301821973
157.873933352996
158.084926900454
159.858149565291
160.206673534354
161.56621393119
162.739626956638
163.599725330248
164.655402915785
165.26508526993
166.625038392143
167.371606671717
168.897276721196
169.179970735451
170.24168028729
171.077908805339
172.11047312594
173.604176966706
174.219755416038
175.223025799962
176.089778406313
177.634091324406
178.273575771833
179.378244283609
180.440037418157
181.556378763868
182.582537607988
183.472276782384
184.982907531317
185.634246118134
186.144776821136
187.081983909244
188.843482085271
189.946409527212
190.435209685005
191.794732586248
192.853375846753
193.547921262681
194.680707569933
195.54930488742
196.408087707823
197.505015380681
198.018315291032
199.130113239866
