0.586530377622694
1.25135329016484
2.77680199220777
3.70948276249692
4.97388940118253
5.02721131616272
6.28848489304073
7.11971774278209
8.1018500183709
9.0918720185291
10.874019314535
11.7810861454345
12.4716134229675
13.4718028882053
14.5046593360603
15.441744400654
16.489551729057
17.4842894840986
18.7494894696865
19.4963747602887
20.2570336130448
21.3912623238284
22.0809943247586
23.1062263054773
24.8908862695098
25.6499515364412
26.551739320159
27.3371730437502
28.5840484520886
29.9327004693914
30.5686345871072
31.8195169849787
32.9692920644302
33.1405691232067
34.887690220261
35.7730386084877
36.5708451664541
37.6424509582575
38.5902328344528
39.4468029343989
40.982100099558
41.4466851870529
42.640270838514
43.4028805613052
44.9094392939005
45.5867186251562
46.8280491170008
47.5057867707219
48.317983121844
49.2192103650887
50.0553901365492
51.2346414183266
52.7604294314515
53.9719202015549
54.4076090578455
55.4579603921156
56.9441159246489
57.3643551270943
58.7716761836782
59.0020453673787
60.8853505770676
61.3937353787478
62.1963770070579
63.7020734776743
64.3995241567027
65.7406414665747
66.093561534537
67.77939565829
68.5410077392589
69.6716516946908
70.2582337178756
71.3069126503542
72.0859168744646
73.5792582102586
74.6048061780166
75.5421515612397
76.2200173693709
77.0340973022394
78.76791888359
79.5318203298375
80.4698030659929
81.9503779131919
82.7952382534277
83.0444316091016
84.3391959967557
85.8656894376036
86.4733370321337
87.1427544620819
88.5159756473731
89.3370260691736
90.3852110770531
91.8674362315796
92.6019566634204
93.2612892896868
94.0960342194885
95.8850342654623
96.5397241124883
97.7861478147097
98.0349522805773
99.8867600539234
100.087461473886
101.992218296276
102.744239964988
103.051729354076
104.675448129186
105.16416344489
106.95001214277
107.624319119379
108.689870239003
109.331559149316
110.458967686165
111.384214213816
112.703601001529
113.988248454407
114.768129807664
115.503717023646
116.564342988189
117.595434429357
118.957407767419
119.385666035349
120.414006572682
121.092402568087
122.83229220775
123.780255329562
124.474003815325
125.484407021198
126.726936250692
127.941213720478
128.207161390688
129.939992044587
130.872395237908
131.825681949733
132.097937748069
133.914748702198
134.959074001759
135.150636242004
136.661855845246
137.764290204272
138.045156969456
139.540433853632
140.82456091838
141.227592013543
142.58549812343
143.702157500898
144.399545034626
145.677916422486
146.338800053112
147.720936409663
148.065982599277
149.150285708951
150.507491448428
151.157485457836
152.187204910675
153.472219224321
154.199646387948
155.23479792499
156.811082134023
157.287352780346
158.883735976182
159.47190553532
160.727259053383
161.753966838587
162.507049974753
163.411694368115
164.536543479888
165.962696390925
166.443458756898
167.294402872212
168.671877378598
169.256816423498
170.83849955094
171.715504288673
172.519868365722
173.036653594114
174.639273382025
175.560872929869
176.524299474899
177.966303521069
178.404083296889
179.644361454295
180.091945478925
181.62815678725
182.764780620113
183.809337876504
184.144992630929
185.128017106792
186.093445625855
187.874979358399
188.927047714125
189.581635234877
190.668313176138
191.947270322358
192.673486248124
193.409786080709
194.040917538106
195.332471070578
196.025743355975
197.519519453635
198.967299470911
199.95514304121
