0.245603312272578
1.3512127099093
2.60165742784739
3.7378803587053
4.51740800822154
5.91267840820365
6.06817711517215
7.8491260947194
8.61621420155279
9.00955229788087
10.7943900763057
11.9080653784331
12.3845373799559
13.6748597132973
14.0215180674568
15.9297027783468
16.4887617153581
17.8301257449202
18.1318594818003
19.6173498984426
20.5581947665196
21.7169247958809
22.4876269260421
23.618734076852
24.4812362724915
25.7840187544934
26.8351227131207
27.6690581180155
28.3230783694889
29.833851947682
30.4525014155079
31.5680573608261
32.26973323524
33.19095522305
34.915723004844
35.2874974256847
36.7036341922358
37.3898530069273
38.1373180798255
39.6206630491652
40.9585050847381
41.9914334604982
42.8073394848034
43.3650891021825
44.6068884036504
45.9276087491307
46.801554427715
47.9323169095442
48.7768590925261
49.6876656152308
50.8147222083062
51.7707735989243
52.2925756496843
53.4825203127693
54.8939691276755
55.9151289621368
56.7601888272911
57.3463056336623
58.5076060320716
59.2821211789269
60.8967098265421
61.3318976617884
62.4401950801257
63.1291649746709
64.2180870382581
65.9503523807507
66.8556121268775
67.6540385447443
68.4590229811147
69.4503433869686
70.7134442615788
71.1243007993326
72.8745876166504
73.9185784717556
74.6818345892243
75.8911873474717
76.1536903267261
77.1415011412464
78.6079803777393
79.8315898582805
80.0797186931595
81.3812458824832
82.6133459710982
83.086932242848
84.4770971043035
85.6395354601555
86.3979572092649
87.2157818740234
88.9372800313868
89.603968967218
90.9695557230152
91.2631217879243
92.3043298695702
93.5894193509594
94.2545711002313
95.5656014650594
96.3961019539274
97.6116427117959
98.0006657945924
99.1928877371829
100.477558837272
101.686203451362
102.80744778458
103.096221295651
104.544591393555
105.250066439388
106.862012802623
107.65588842635
108.275181456236
109.577002761187
110.59006515285
111.986720515648
112.469082567608
113.819407769479
114.378128298558
115.491535827983
116.512160193408
117.420046267798
118.072074992349
119.54703821498
120.650769694708
121.726711780299
122.404901774367
123.449111626484
124.463307883125
125.352330062073
126.08774635708
127.16061340156
128.375444069272
129.364566277945
130.341094041243
131.4455301743
132.728484299732
133.439063038444
134.652512827422
135.715895574074
136.411790079903
137.340226888657
138.743687222712
139.015937447082
140.776937752962
141.327334846137
142.637888706988
143.331965380348
144.100857192185
145.002961710561
146.625602253014
147.879588389071
148.8833213693
149.559642836917
150.261267655063
151.277358087711
152.657434573397
153.970603083959
154.952499786858
155.001148944721
156.831856356468
157.624298535986
158.676147798076
159.143845034763
160.922953510424
161.658630626742
162.098523661029
163.512307950994
164.237502336735
165.954891517758
166.984616522677
167.112169535365
168.265183259733
169.089335442521
170.014226577943
171.204600659199
172.185381789692
173.653742050054
174.414917471353
175.223174967803
176.031304960605
177.889096135506
178.158352675615
179.212357261451
180.079990755068
181.337348589674
182.493191793328
183.833843536209
184.414244915824
185.882309360662
186.754820029018
187.07154528657
188.389430087525
189.519009597367
190.070486234734
191.585268707946
192.740276546218
193.638811430661
194.941202623304
195.004414047813
196.437186725438
197.70557387569
198.908131646225
199.961669955635
51.7994460514747
51.9434592858888
53.6787937488407
54.167124085594
54.8779598071706
56.447314127814
57.2431624573655
57.9221482370049
58.8308780819643
60.7733464655466
61.563238065457
62.7332722232677
63.034128575353
64.7736191363074
65.7995669706725
65.9722455118317
66.9772714127321
68.5463537848555
69.6825884960126
70.7799349911511
71.2981397127733
72.6419391378295
73.3853391234297
74.0443439532537
74.8528348794207
76.1490835554432
77.4108537824359
78.2142338997219
79.5175860405434
80.1819964542519
81.3326002035756
82.2723145326599
83.0647381236777
83.8512564331759
85.4714180899318
86.2542421119288
87.340457291808
88.2616227646358
89.7528870762326
90.6740069100633
91.558133590268
92.7175281294622
92.9091133826878
94.2633485074621
95.4319579408038
96.2333895135671
97.1260500471108
98.5123055067379
99.744905307889
99.9544896304142
101.31308194343
102.082535510184
103.782971715787
104.247119869106
105.133684686152
106.378688786412
107.525524862809
108.207931172568
109.119305519853
110.706458669156
111.035079275956
112.463409102522
113.385461453348
114.718289742945
115.310849461704
116.188652505167
117.023385213455
118.293106211582
119.741552356398
120.344381735893
121.014741938096
121.891198711935
123.62141349935
124.5298183579
125.093351799063
126.055018341867
127.565406452166
127.83153963415
128.894070211332
130.514802486869
130.841544513823
132.763213320868
133.2096743281
134.196033939486
134.825250597438
136.347295370419
137.10335416114
138.373448369559
139.451458376599
140.035470385337
141.288293936756
142.644493073458
143.167059977539
144.740506568691
144.910519975238
146.375870903488
147.026401616633
148.782219893299
149.509131441591
149.985766620375
