0.317178373690695
1.10745550342835
2.10287448880263
3.3692696664948
4.30070031364448
5.60766418208368
6.81288093561307
7.76474570529535
8.49198217061348
9.52590031456202
10.2565850063693
11.8704082723707
12.2515633148141
13.3602038028184
14.4975796241779
15.1297364139464
16.2684139437042
17.1205860751215
18.5792434359901
19.4457643635105
20.0131833560299
21.2700236563105
22.0923650290351
23.9196531812195
24.4052470491733
25.9674171786755
26.9574315054342
27.3547282025684
28.9776828540489
29.6285816822201
30.0666601548437
31.1473490556236
32.9728576885536
33.933676992543
34.4241888581309
35.5161398870405
36.3851805615705
37.8190797897987
38.8380507796537
39.9649371984415
40.0531064076349
41.809937074082
42.3730861244258
43.916584285209
44.1453731134534
45.2643008201849
46.2595697415527
47.7505997666158
48.3869743710384
49.3903369670734
50.5274930705782
51.3757908735424
52.0333142455202
53.1956996696535
54.8230005018413
55.5010052393191
56.0385773736052
57.2626726038288
58.0810083663091
59.681959762238
60.2265752064995
61.522721137153
62.516611737432
63.1713450083043
64.4399122823961
65.2079162893351
66.54552700161
67.1477345109452
68.3959393205587
69.9908573317807
70.8575745846611
71.8789235423319
72.3320335953031
73.8562052114867
74.6933320292737
75.8827650332823
76.1774481651373
77.3657067536842
78.2563968759496
79.6471054642461
80.4418297968805
81.4004961098544
82.1694944885094
83.191377968993
84.1523517526221
85.9571771086194
86.1683351693209
87.8884491350036
88.0278838751838
89.0050079931971
90.5920392584521
91.4482147961389
92.9623814499937
93.4113909562584
94.2603326549288
95.3906190476846
96.4508728031069
97.6602720674127
98.3194144968875
99.0282950745896
100.176839187741
101.935393437743
102.242535181809
103.284710122505
104.749119121581
105.119426978519
106.759799047373
107.858619903214
108.746850493131
109.344140027883
110.169389844639
111.898304748815
112.047547019785
113.488381308271
114.396227982827
115.117848238675
116.170351465931
117.04668009025
118.186734721996
119.376376518514
120.852738318266
121.186260545161
122.630655345041
123.008619783912
124.676786560565
125.791286319494
126.543056502473
127.373067315202
128.692171252565
129.386549616698
130.696354873944
131.338775858283
132.678721895209
133.075471577933
134.437691826839
135.10566664557
136.360404851381
137.142103599617
138.121364845429
139.82182586682
140.548928916454
141.69448925904
142.115361111006
143.41603117832
144.323376998072
145.550398500636
146.226564027136
147.983061491977
148.289058093913
149.246235784609
150.860536775552
151.361079893773
152.900844213553
153.062845021253
154.498010937124
155.522196285892
156.258930726908
157.278781869914
158.703243206488
159.214023209177
160.391058256384
161.605538941687
162.593556102132
163.181147687137
164.044389774557
165.537314146291
166.335971819237
167.802379561588
168.740072073648
169.140968371183
170.247302595992
171.28046968719
172.42176659801
173.005110238446
174.762550755171
175.372002096614
176.242222287925
177.082042237744
178.181515465025
179.47936775675
180.502401549602
181.32315939595
182.137330676662
183.596093333792
184.302753811236
185.557028388139
186.518086599885
187.661326281494
188.213485471439
189.944624381373
190.074208325241
191.431589383399
192.006693992764
193.082712332718
194.184793209191
195.273161254358
196.263612010051
197.599161342718
198.61113544926
199.963898872258
