0.589815320447087
1.74255542410538
2.93390790885314
3.20109863090329
4.92448899475858
5.61649771290831
6.66325162886642
7.76751975109801
8.79074622550979
9.95341169903986
10.2473609298468
11.3711951856967
12.5605336751323
13.8064181911759
14.926237083273
15.1703472011723
16.4143342983443
17.4516576903407
18.843335757032
19.8891219096258
20.1336453889962
21.3277234039269
22.5632296111435
23.0221473425627
24.7965210601687
25.0548705770634
26.3055945683736
27.1548253255896
28.3023178877775
29.0023525552824
30.1763600490522
31.4698707277421
32.3882242979016
33.412810845999
34.2856337924022
35.7974793561734
36.4293136303313
37.9867426026613
38.4958817928564
39.0107491381932
40.3368998798542
41.2764908992685
42.0482581355609
43.117968685925
44.8468901042361
45.0649025486782
46.5702878308948
47.658154543722
48.3414778520819
49.9287394513376
50.7720805471763
51.1494968773331
52.9284939095378
53.0839054738171
54.3192051006481
55.1421655446757
56.5089909848757
57.0484788562171
58.6387597501744
59.9358837893233
60.0531183897983
61.0716949107591
62.1954372029286
63.4188214077149
64.8600136335008
65.208187908167
66.2262241921853
67.840391863836
68.6953545627184
69.4953255357686
70.9176256426144
71.4896367467009
72.1232466327492
73.1212185693439
74.6507739103399
75.5128017205279
76.3769225010183
77.4009831319563
78.5497804530896
79.3073320991825
80.7418520124629
81.8273175775539
82.3708526941482
83.9413262840826
84.0438059994485
85.1511443201452
86.1477733403444
87.8773803354707
88.4694062916096
89.6908964978065
90.0307036754675
91.3000158159994
92.6267300553154
93.5667625041679
94.9265004431363
95.6095419069752
96.3026347325649
97.035018870607
98.6406897869892
99.0157670613844
100.118817993207
101.175086764619
102.870212040143
103.071202599909
104.98441900569
105.833911567228
106.487581190187
107.956892742077
108.502474899637
109.637152284151
110.844489582814
111.460729073267
112.14015386207
113.78068860108
114.924639272504
115.687208662042
116.674495571293
117.391334534157
118.851135467179
119.02707103896
120.769550792873
121.828775344649
122.08509372524
123.565449569374
124.516056030057
125.644103708677
126.987880947534
127.227953279857
128.549929457018
129.153961030068
130.15667106281
131.318698274437
132.188083921792
133.958700292045
134.69118151255
135.544310281053
136.668254051823
137.470646137604
138.634200606262
139.071771399584
140.349899108522
141.433565701824
142.897318510571
143.151751219528
144.731337589212
145.698768032016
146.480390751967
147.943057125201
148.328453483526
149.357236466138
150.684811192099
151.80793957389
152.986786139663
153.389921679627
154.536889873445
155.304700375535
156.799830085598
157.182509424631
158.676186702913
159.863781925989
160.727504545124
161.82386501343
162.568010107381
163.476052417886
164.062127472833
165.228851978434
166.30803429056
167.157817066181
168.975266663125
169.137423384003
170.57343684556
171.229377758456
172.162129662465
173.009123109514
174.174682785291
175.935335382586
176.825235909782
177.619366975036
178.247578765964
179.906784417806
180.194214246701
181.54604631546
182.853041507537
183.179868712788
184.151231042342
185.768130707089
186.861197995022
187.536553580081
188.12718658708
189.449223175179
190.886275436264
191.907527640928
192.801754389424
193.826303645503
194.914887853898
195.034461874049
196.190763056977
197.027931394288
198.530541377608
199.520383253461
