0.318451492581517
1.74352620984428
2.98644960811362
3.41659241379239
4.29242077330127
5.14526911149733
6.79869981622323
7.94852097332478
8.62673190725036
9.17173235816881
10.4004711583257
11.9555927636102
12.3893897873349
13.2554378074128
14.7991327166092
15.7662587193772
16.0674714490306
17.6319625128526
18.0426802232396
19.6528805582784
20.9432549900375
21.1843869781587
22.1388929260429
23.2239812910557
24.7817910343874
25.4036631451454
26.2203769825865
27.9304512024391
28.9307305344846
29.59342722781
30.9472295464948
31.7620929612312
32.5720072300173
33.2700029844418
34.3510334296152
35.0728832830209
36.0147952195257
37.5678102793172
38.7693059556186
39.4683296580333
40.2607082678005
41.7638120499905
42.8062474448234
43.6901823987719
44.6368620733265
45.936520843301
46.5577831368428
47.8723671741318
48.3416720558889
49.0033766746055
50.1555478216615
51.7533031604253
52.0895298174582
53.4729472987819
54.4478665429633
55.6889482850675
56.3816701460164
57.8935555727221
58.0340477107093
59.5033898698166
60.5832936612424
61.141346945893
62.0806701723486
63.4373478186317
64.791882051155
65.3997615682893
66.3766916915774
67.2056700165849
68.9677345894743
69.6182097985875
70.9760940580163
71.9207202070393
72.5482464693487
73.9742995409761
74.0764467893168
75.036632317584
76.5115413840394
77.1350118562113
78.4883346417919
79.0654325610958
80.9235911672004
81.884066401748
82.9440157795325
83.9107832291629
84.8882540622726
85.8958481911104
86.1006168432068
87.0388669897802
88.2510005021468
89.2114110053517
90.5019987446722
91.6455708513968
92.6300999051891
93.6793321999721
94.1389519297518
95.9642210549209
96.2353108911775
97.9837004963774
98.0759751172736
99.0726095149294
100.015769054182
101.621237899177
102.524109696737
103.805027556606
104.740655121626
105.461715340847
106.917811053805
107.812666295795
108.907788499258
109.934983506799
110.575260302518
111.005374611355
112.058133857325
113.729583648266
114.747316890629
115.963181861676
116.031847289763
117.771427015308
118.946285403566
119.512015296146
120.18778821826
121.92892437987
122.139143352397
123.40174428164
124.84172699973
125.188200075412
126.520447407849
127.994803163456
128.684299715795
129.305204526987
130.186189692933
131.066926932661
132.57741214172
133.17578915623
134.574418409728
135.430813735118
136.867525573587
137.658675726503
138.494102035649
139.577331868466
140.389538060874
141.738470458426
142.929799807025
143.599514357047
144.993297029519
145.861784672132
146.080723830732
147.814360409509
148.314517799066
149.562566890847
150.686775465962
151.596171822632
152.76601414266
153.881246874109
154.668721440714
155.345353585202
156.895470814081
157.642896897858
158.096612655092
159.039113867097
160.250326815993
161.825446386822
162.336576541653
163.107899500523
164.882893603062
165.421489575645
166.820425485959
167.915557052009
168.630479830317
169.063418577425
170.158193921205
171.261058317497
172.548896835186
173.67773812823
174.461389625911
175.304060482886
176.946022584802
177.64530885499
178.030552453594
179.896499152761
180.034806521377
181.329921177356
182.492940919241
183.723049029475
184.155947507126
185.668982241768
186.776254252065
187.481069895439
188.976707072696
189.089325953275
190.405830864329
191.551800382091
192.531360120513
193.100575793069
194.655769977719
195.634454716463
196.649769093841
197.82617981662
198.186945195077
199.556050098501
