0.818581485655159
1.59682419942692
2.21641674335115
3.7241719821468
4.18017859687097
5.67051591887139
6.74308883189224
7.52180247195065
8.5490505900234
9.69044098141603
10.7874854269903
11.0668852659874
12.0160339383874
13.3093872652389
14.9418590276036
15.5063074268401
16.1191944100428
17.6713653444313
18.5780064642895
19.6187645022292
20.0884973190259
21.4850798754487
22.1901913511101
23.9575110028964
24.2733340263367
25.8477562137414
26.3412792924792
27.8422876114491
28.5996616960037
29.7264765093569
30.5755682229064
31.4614094130229
32.0487735238858
33.0654121635016
34.1212000271771
35.6885497404728
36.520564122824
37.547224660404
38.336614751257
39.6172788802069
40.6481001432985
41.6353166180197
42.3981372257695
43.5205023013987
44.6000928694848
45.6152827215847
46.9962000921369
47.6988010092173
48.8085032724775
49.7382455216721
50.2571088713594
51.9840860059485
52.1258755102754
53.303926781984
54.4990395987406
55.7561085419729
56.7758759867866
57.4327310295776
58.5967649270315
59.4250980047509
60.3172099494841
61.3645815926138
62.72364698397
63.4922982573044
64.6755265137181
65.5732135574799
66.8153021011967
67.8169455248863
68.3000593620818
69.253897331655
70.3335386184044
71.1335530295037
72.6833965713158
73.7793782777153
74.396081415005
75.6166859355289
76.6741736517288
77.6628625171725
78.5422896086238
79.5816796058789
80.4855327713303
81.5394536787644
82.3631049371324
83.130019987002
84.5959377719555
85.9365503108129
86.7052188897505
87.9511756936554
88.8745765674394
89.4642154644243
90.2495767483488
91.975004776381
92.3382990264799
93.5634441412985
94.164540908765
95.1920478832908
96.7885221624747
97.3498251936398
98.2104257026222
99.2593213568907
100.901748494245
101.30474845157
102.621866833884
103.324633612996
104.900438620243
105.443765879609
106.469636005815
107.036067767069
108.877879861277
109.260827169986
110.685073500266
111.459306343691
112.458627506392
113.928734635701
114.883244303521
115.253007833846
116.188041282818
117.625619936269
118.433833373943
119.271560115507
120.151011571987
121.935615675524
122.962122606346
123.261675490532
124.793748068856
125.692773757037
126.854678944917
127.473966295365
128.704567652196
129.031838663388
130.893777101301
131.633113862714
132.19856220088
133.880215513753
134.203637620434
135.894922182197
136.096951322164
137.89773932402
138.7030796248
139.749425196555
140.134718572721
141.299312307034
142.961643419694
143.183437420987
144.815660400083
145.914409956196
146.685249565169
147.683461458422
148.458535415586
149.987942332169
150.258775141789
151.080816438189
152.686047283467
153.71427836339
154.761035118951
155.633783216355
156.06383351679
157.856254305458
158.150248972001
159.207619030727
160.74222239037
161.84519464802
162.752814067528
163.208031680202
164.930250144331
165.415763652418
166.665149840526
167.955257584807
168.904525295598
169.336916704429
170.620922305854
171.8026557134
172.429781538201
173.927855795249
174.182327548973
175.754872050369
176.928028021939
177.627288902877
178.590817974648
179.339070229558
180.378004938131
181.581210714998
182.973522611894
183.940663706511
184.66375261941
185.058220975567
186.632647090591
187.43255504733
188.392064134125
189.310448307777
190.178048652131
191.92583688302
192.153172253398
193.683469087351
194.227285359753
195.141286475584
196.296666875016
197.878738303203
198.177773272851
199.68844885868
52.2715412171092
53.5822506791446
54.1739707996603
55.4495208091103
56.7876826319844
57.2362876271363
58.1964340868872
59.6845249559265
60.2702395890374
61.8434869071934
62.8942768902052
63.2296367334202
64.8665275056846
65.9856244877446
66.5790548834484
67.9512193931732
68.6082333566155
69.6919049615972
70.4445696843322
71.3317503875587
72.7762778326869
73.7591948423069
74.6471930621192
75.4547258806415
76.5351948591415
77.412335047964
78.7216999141965
79.7862644477282
80.4686890505254
81.4762585111894
82.9486424699426
83.6479328684509
84.3024089843966
85.227585259825
87.0437533257063
87.6938692999538
88.7951002262998
89.4120814462658
90.4841277326923
91.8053080977406
92.7295063417405
94.0516731441021
95.0815265970305
95.8244812982157
97.0009383186698
97.1403414744418
98.1953032887541
99.1840980276465
100.872350296006
101.405909985304
102.817208509892
103.366062535904
104.18127144617
105.729510480771
106.279529229505
108.024203429231
108.717678204412
109.379226351157
110.937748162542
111.855918577872
112.726096470607
113.512425034773
114.697984093102
115.867453964194
116.265318645863
117.151143580908
118.794428791385
119.785418923246
120.834762711544
121.377873685444
122.41611144552
123.253154087113
125.044030911289
125.906282434938
126.227789753815
127.192703294102
128.682509785518
129.357677429914
131.099005157361
131.449471791508
132.338535759132
133.760313575622
134.215731059434
135.825004131533
136.89870159165
137.817076039035
138.261407907354
139.826638018945
140.245486412197
141.293514480116
142.518851352856
144.030611883616
145.11888617347
145.443609473296
146.224586003693
147.636925864732
148.942445711698
149.126402440248
150.560768481111
151.180552231148
