0.698444103356451
1.02336566220038
2.24317816924304
3.20279020094313
4.36255757021718
5.04960738844238
6.00612174719572
7.60032399371266
8.08173861214891
9.56866172794253
10.7833983825985
11.9398489107843
12.7955134087242
13.3879259617534
14.8644225741737
15.6330368514173
16.6668481589295
17.1544089312665
18.5727064106613
19.5149658464361
20.6091669516172
21.6184713689145
22.8298607682809
23.0268952366896
24.2529001852963
25.3207520688884
26.6326470111962
27.8674015761353
28.8767152200453
29.2429232774302
30.7254456488881
31.6823689476587
32.7694171210751
33.0540053050499
34.8657621350139
35.8067350231577
36.6899456589017
37.0050612266641
38.8690092309844
39.7357215138618
40.6534517274704
41.8289139471017
42.9309860416688
43.4996924768202
44.8242154438049
45.0849625747651
46.2661471897736
47.2652336575557
48.3463152076583
49.0326058645733
50.6360816503875
51.9076370880939
52.9720708301757
53.4858892671764
54.0013187043369
55.0886047396343
56.4834080676083
57.8371196405496
58.3209726428613
59.1504079324659
60.1121362261474
61.2135980003513
62.5867703806143
63.9733762748074
64.6078537949361
65.2038218898233
66.8087185502518
67.8531642092858
68.872911700746
69.6738014102448
70.5628721374087
71.3778449639212
72.2075751288794
73.8506946740672
74.4425713773817
75.9151825015433
76.4688234329224
77.6046706323978
78.9854842671193
79.4453082079999
80.5179518614896
81.1966097124387
82.7728944050614
83.4971093432978
84.7231543003581
85.3504750351422
86.9034291482531
87.6407450649422
88.9406779767014
89.1568750333972
90.0625321955886
91.3261021969374
92.949888930656
93.3200986327138
94.0825734229293
95.4767797333188
96.9811937806662
97.3609630323481
98.8512573891785
99.6159431734122
100.322005690308
101.760765301064
102.877509027021
103.754198852228
104.897645858815
105.679512710311
106.792408870067
107.329277672339
108.315888817888
109.636672149645
110.395650282502
111.379572388716
112.137895004125
113.133432092378
114.344245915767
115.591165752383
116.332921031397
117.201709225075
118.687856382225
119.612545023672
120.935980024515
121.233991291374
122.148360017221
123.781936303712
124.595596282044
125.071729846997
126.516440280015
127.286937194876
128.690210865345
129.878344069701
130.538471566979
131.901248688577
132.104881478241
133.586317764129
134.193103908328
135.184603867121
136.236619208707
137.167616780382
138.166083080694
139.922931259964
140.98615350388
141.670752972132
142.030346664367
143.440261370037
144.459185115527
145.614369383315
146.309019047301
147.828713332769
148.596622392302
149.411083283834
150.922714643646
151.518996219849
152.613436447224
153.358983046608
154.619384067366
155.265048141126
156.128856956959
157.581239381572
158.09065389121
159.692520543467
160.063484770712
161.8960269331
162.285829464439
163.832462482154
164.443040864076
165.697015229613
166.394211781444
167.950876167743
168.653007302666
169.578221248928
170.553260084009
171.901313693263
172.142671063077
173.702190103242
174.137071967823
175.403170516714
176.990763944341
177.453622865956
178.614169008099
179.556609518593
180.107152335579
181.205782253761
182.599027195945
183.350465958705
184.764203914674
185.680055686971
186.464683475206
187.824489424471
188.865349847358
189.50245880452
190.39267305471
191.248265220784
192.862354242941
193.228628035402
194.743849707069
195.576642168453
196.293961935909
197.151587961242
198.242413998581
199.00103704608
