0.727804132737219
1.66911059501581
2.40390309109353
3.75308296876028
4.83784479787573
5.8005825583823
6.68874912825413
7.5657710605301
8.51900569698773
9.40454232064076
10.6120666777715
11.1980868887622
12.961470765993
13.972355294507
14.5613022400066
15.2807076529134
16.7827110851649
17.4197956570424
18.1354950401001
19.6682719963137
20.815827663755
21.6945609941613
22.8674083172809
23.630106852157
24.0783206331544
25.4906327987555
26.318650950212
27.5043822613079
28.2346436844673
29.1567615983076
30.0673666798975
31.4784588587936
32.7793222654145
33.5817238443997
34.0928776161745
35.7384118766058
36.0766069458332
37.1437932255212
38.3137895844411
39.5143625617493
40.3025386417285
41.7068292612676
42.801815648796
43.5688077921513
44.6395721826702
45.3447803601157
46.3699346433859
47.1111635351554
48.2616502440069
49.0804914608598
50.3688459736295
51.3693640807178
52.9312582130078
53.3726315763779
54.5504508828744
55.7701475492213
56.477951386245
57.5343651650473
58.7054488416761
59.0219750304241
60.3273017206229
61.6320698149502
62.8186289689038
63.4961317004636
64.6798532269895
65.0540663283318
66.3261414261069
67.8888697323855
68.606342333369
69.8014717560727
70.5192797554191
71.1524899222422
72.6138466878328
73.1957396331709
74.2038918628823
75.6351496262942
76.404077692423
77.2081702670548
78.6261099779513
79.5725222383626
80.0298596157227
81.5253717247397
82.8159085167572
83.9889204332139
84.6252404889092
85.4492368516512
86.8324351883493
87.6709408052266
88.0900195855647
89.2191612119786
90.1067815294955
91.5208103521727
92.5421193856746
93.9210941658821
94.2942991997115
95.4216624363326
96.8228167006746
97.2786626962479
98.0003354612272
99.5371704522986
100.131628055824
101.377951013856
102.043759075226
103.586485143751
104.169262108393
105.177523187827
106.568328597816
107.678447134793
108.629178860225
109.846733394777
110.241905119969
111.846116465051
112.222476423252
113.968069656286
114.170737704961
115.609029851621
116.362608169671
117.498808092438
118.334119064966
119.844541287515
120.362966554472
121.780262143118
122.077990338206
123.724229517858
124.827698318986
125.819100438384
126.871734026819
127.714267626405
128.850961889606
129.172869097674
130.073189380346
131.474194629816
132.207686598646
133.901550848735
134.901531719137
135.16924581374
136.249327330152
137.748607488815
138.186716840835
139.350920873927
140.207971823169
141.596363006858
142.582065596711
143.259653202258
144.455036321888
145.112409168156
146.184450618457
147.379415603355
148.943753178697
149.027999199694
150.350282892119
151.815575089538
152.635534632718
153.466133477166
154.987419352867
155.064666143386
156.200817009434
157.566761072725
158.102723483928
159.298218686599
160.161829363788
161.321376644075
162.533081889385
163.477874517441
164.546897226246
165.310994998552
166.978823611513
167.458479123423
168.107042672113
169.069830879103
170.298791799927
171.397088274127
172.926829940174
173.694151287433
174.29368603928
175.19614001899
176.459007265046
177.800830678083
178.884227110306
179.054353789892
180.949958440615
181.284879152896
182.708274936536
183.385234079557
184.597266795812
185.874253325164
186.399030984612
187.238632658264
188.913177872775
189.380924906582
190.23171762866
191.781724695116
192.496824988164
193.799656623509
194.668013592716
195.078906303272
196.805964386556
197.162617675262
198.456378006143
199.343049761374
