0.886045075953007
1.25372590194456
2.80827874015085
3.04138711630367
4.28080520941876
5.63356784824282
6.3323335587047
7.67799727572128
8.92798929917626
9.08235029131174
10.7946874536574
11.9277085864451
12.7011255868711
13.3020588916261
14.0076897128019
15.8655538512394
16.638429483166
17.0977836085949
18.0894720067736
19.1436052133795
20.5950504518114
21.4496199074201
22.2783434069715
23.2728266173508
24.4876066453289
25.4579953346401
26.5020283493213
27.2278810951393
28.1830204701982
29.223678835202
30.8712297379971
31.9066852077376
32.401044947328
33.0821878381539
34.1074059896637
35.5567624876276
36.4521440956742
37.7436578532215
38.1277337407228
39.8934853852261
40.9788560557645
41.0658394531347
42.8465935043059
43.5606805207208
44.6665306629147
45.0629267133772
46.6976586505771
47.2751519999001
48.5808601530734
49.3443947948981
50.8592617148533
51.7909506428987
52.6952585033141
53.1820398594718
54.0191964569967
55.7921230285428
56.3991444804706
57.6856887771282
58.8592755727004
59.1584265462589
60.558113504434
61.7082289292011
62.1511323188897
63.0332042030059
64.0195722326171
65.0074349136557
66.1696949901525
67.9080857492518
68.9819050470833
69.4063374891412
70.3997746089008
71.5773573569022
72.9977567018941
73.3749272816349
74.5752088848967
75.5206948777195
76.8866658874322
77.5780590965878
78.1936658199411
79.5635753930546
80.5047847644892
81.1443983775098
82.3601758154109
83.338546066545
84.8873659952078
85.0350175206549
86.5858795524109
87.3320041310508
88.7753972054925
89.367010171758
90.2841675125528
91.7320202002302
92.7930667919572
93.0928474725224
94.5474424178246
95.1267196845729
96.8595965353306
97.1624813051894
98.5755733393598
99.5226770192385
100.787893966772
101.02767926245
102.355494799092
103.678237592801
104.983591297176
105.732982682763
106.581954730907
107.190911707003
108.843330872944
109.401984605938
110.964082560036
111.307426354615
112.305395401083
113.384535910795
114.359217274236
115.372403754853
116.718144554645
117.278140487615
118.077650744701
119.472544327145
120.560818566708
121.018341161078
122.185188440373
123.422165572876
124.602081102552
125.60544230463
126.93192764651
127.059050015407
128.653310297523
129.080216579838
130.526793063851
131.729362980463
132.566350938054
133.098910990171
134.943739177659
135.143359004287
136.489483912941
137.10008248128
138.244020624086
139.402628923999
140.208572865464
141.42484837072
142.175153689925
143.081188619602
144.719917112729
145.506865980104
146.845878483029
147.520462878281
148.988061078126
149.845671607414
150.919702039566
151.022013767855
152.636536037084
153.487393406918
154.830070643919
155.795227474067
156.482878476614
157.146255921572
158.965530007146
159.452061394928
160.873398272088
161.448824348161
162.955222112825
163.612510821316
164.26232823357
165.793030848727
166.840446372051
167.470451475587
168.260562195675
169.233512562467
170.059736746363
171.499736291356
172.304723309353
173.510531084146
174.244912135415
175.046374346828
176.530645256396
177.65877187741
178.49953698949
179.571382763563
180.538860813715
181.407315490069
182.369961301796
183.835803701077
184.072017370258
185.436106009409
186.812347393483
187.22634974285
188.117074511945
189.033855680609
190.249419793254
191.042907969793
192.272208265495
193.673134855228
194.009946045466
195.581708140671
196.823556169868
197.689616369782
198.430751407985
199.471681295894
