0.111213489202783
1.03766668192111
2.85426314361393
3.8704414840322
4.39650901104324
5.1311645086389
6.05504498677328
7.49376536300406
8.99288348178379
9.91768425726332
10.9136326140724
11.7142924072687
12.16605454823
13.3456368783955
14.8810965016019
15.8231909878086
16.7680480701383
17.7013909225352
18.4883739948273
19.0209561041556
20.288819052279
21.4828529607039
22.0509604574181
23.02914539841
24.4420084063895
25.4337889740709
26.0128418169916
27.3157782335766
28.683529821923
29.3476894376799
30.02438954846
31.4639859993476
32.6972062108107
33.0698371164035
34.5803628712893
35.1514382283203
36.0690367550123
37.2603501537815
38.0795456136111
39.5806724855211
40.3274459410459
41.0865627215244
42.5892649206799
43.1286738549825
44.2554802228697
45.5457082272042
46.4049156024121
47.514682081528
48.5293607427739
49.690849439241
50.0091953636147
51.4607737271581
52.0416654488072
53.5261660791002
54.7469258778729
55.6267453604378
56.7431858936325
57.8698337739334
58.1872803270817
59.4694843736943
60.2640031217597
61.2228656760417
62.6749230513815
63.3919831870589
64.1598765028175
65.3859289376996
66.7119919692632
67.6924525515642
68.5722437221557
69.1334267989732
70.9622376956977
71.9492828969378
72.5351502227131
73.8655144516379
74.0222061702516
75.5473441679496
76.3651981537696
77.1958489082754
78.493524604477
79.9456245696638
80.8841369803995
81.6319787714165
82.758194682654
83.7329978893977
84.8010824555531
85.616770837456
86.2325069901999
87.9991120232735
88.3566131170373
89.9114915102255
90.2356645888649
91.1646902980283
92.7573901053984
93.9713799571618
94.105469856644
95.3179390418809
96.2364428308792
97.0264619698282
98.7104069925845
99.5615986993071
100.459415266989
101.174563731765
102.803732601227
103.552239678102
104.274313234026
105.427551003871
106.070248189149
107.266755102668
108.591161405435
109.06581948977
110.662751011783
111.517768183257
112.817894573091
113.610530094011
114.357708564028
115.661089316476
116.160863531055
117.702545842621
118.669868995901
119.867496001069
120.191039083526
121.02654647571
122.223207271425
123.48041730863
124.642162978416
125.631951034302
126.44988816441
127.703905867413
128.237388845067
129.89069638052
130.572661646875
131.848598260432
132.160022269469
133.102345468011
134.816553673241
135.484565031482
136.631664227694
137.871467438992
138.796396500431
139.819393205456
140.017614796758
141.274512996897
142.231971309055
143.257411422906
144.985071339877
145.247144006193
146.529666694114
147.696779567515
148.631625438342
149.425999785541
150.969122960232
151.606094668154
152.794817183167
153.752247119788
154.07241384848
155.456727403682
156.282292871503
157.640980208525
158.767405244755
159.575640368508
160.413513293723
161.236725714291
162.925045816926
163.681952861603
164.970697687007
165.008560054237
166.048507339554
167.070880577434
168.859958845656
169.73536131857
170.789723247988
171.197526803939
172.930910721421
173.290145112202
174.503383365693
175.152989835711
176.669566922123
177.802962809568
178.511605432723
179.718097164296
180.03625173308
181.625955059659
182.257933294168
183.142165523022
184.21438959823
185.287282438716
186.741341087734
187.266977030318
188.823101116577
189.706905824598
190.597367612645
191.669689475093
192.655004539527
193.018183909822
194.957488374785
195.696360067232
196.73062527366
197.408893560059
198.588904608972
199.468951622257
96.7902202312835
97.3905919597019
98.5184739418328
99.585916368058
100.27970939246
101.244526453316
102.362580916379
104.147812506882
104.592705154791
106.152160996338
106.437629855238
107.553784891265
108.530915058451
109.740976939443
110.464882246451
111.844758392544
113.207416974707
113.424262389075
114.239197588526
115.485888025491
116.520705437055
117.34497564286
118.735335899051
119.836322980467
120.279647127027
122.190420069033
123.034061558777
124.113776113139
124.72469696193
126.074252930703
126.892952741357
127.449545969022
128.940298388479
129.483814343577
131.134962440236
132.18249567179
133.151894117706
133.794248235878
134.652554380009
135.37927748356
136.340643661562
137.507399235386
139.153163534589
139.5451991593
140.831584093627
141.484176043188
142.857668148819
144.216227158438
144.717510106973
145.786392452894
146.933421216672
148.001057580113
149.137414494995
149.427876066184
150.568218251923
151.785393902101
152.754181495868
153.783671686659
154.903517452301
156.047765826108
157.165049233241
158.180794154992
159.139211955247
159.316108503146
160.746629861649
161.643605091609
163.232102160342
163.942124618683
164.614069429226
166.183700102149
166.407353648217
167.660847429186
169.160064025316
170.134104193887
170.763382428791
171.311756031355
172.99906690279
173.288377144141
174.464683637954
176.124020962045
176.294687836664
178.120223629521
178.668946017046
180.032213150291
180.787860868732
181.642207989702
182.91528722737
183.950799858198
184.670298795681
185.299725220772
187.209993204335
188.140442764619
188.750791173428
189.284286775161
190.614200256066
192.007176001323
192.278406450292
193.671168682398
194.705625222763
195.857457543956
