0.19292585272342
1.78427431220189
2.79944328428246
3.68934711394832
4.32885552709922
5.45916361617856
6.88159722881392
7.58416040032171
8.02354279556312
9.57738336711191
10.7127677565441
11.0465598299634
12.1726300348528
13.7453615216073
14.1193621128332
15.5445493909065
16.1773312385194
17.7103977676015
18.6314939998556
19.7132149268873
20.8007929215673
21.8261718454305
22.240245791385
23.9540379089303
24.6858928401489
25.6200625251513
26.9705562596209
27.1604703492485
28.8955828498583
29.3218827263918
30.9260464459658
31.4329187199473
32.9077701794449
33.5941450770479
34.5854120622389
35.2984747369774
36.0719351877924
37.143798238365
38.4657841369044
39.0460457021836
40.975330427289
41.7682011958677
42.1779956610408
43.152246238431
44.921276114881
45.8142875512131
46.7680754282046
47.856399364071
48.6655622115359
49.4285127702169
50.8450466825161
51.8644740013406
52.293317703763
53.5571718069259
54.4139004522003
55.4416962738615
56.8954958755057
57.3168191155419
58.9543060453143
59.9290309450589
60.9522397206165
61.847572108265
62.6265822425485
63.2564541974571
64.7838984911796
65.4004833491053
66.7946440044325
67.6032183377538
68.8472133490723
69.8629147014581
70.152811468346
71.4249117714353
72.9301699248608
73.3485866887495
74.4907702356577
75.2240153998137
76.4729513563216
77.8333201291971
78.0120631591417
79.6503426092677
80.5131609435193
81.9107365538366
82.433571302332
83.8110133367591
84.9130355385132
85.7371522272006
86.1605940989684
87.7762180785649
88.866575618973
89.0589716394898
90.3161358584184
91.0922137440648
92.272805929184
93.4337487493176
94.0909692007117
95.3130119366106
96.0772612390574
97.1999253949616
98.0508595881984
99.1973717887886
100.774899093667
101.412903576391
102.863221524516
103.875763525954
104.311996241566
105.835766488919
106.765808608616
107.753167257411
108.213712880854
109.393359915819
110.146840158151
111.982575603761
112.080645656912
113.195042947074
114.441061854595
115.675112840487
116.198123910464
117.523937469814
118.826816867338
119.125346091809
120.010796659859
121.384276711149
122.830207569059
123.726153430529
124.697599295061
125.943764290772
126.551457724767
127.617217210587
128.138273773715
129.144891633186
130.591441977071
131.024606082123
132.037759622792
133.2932111423
134.834912815597
135.841967410874
136.813485893188
137.700617514318
138.930339704501
139.12444043858
140.204667484621
141.930308989249
142.821024925215
143.724398948485
144.615303346189
145.499961682362
146.543227825081
147.401169113815
148.99656728073
149.456032320624
150.925722163869
151.823222397594
152.70948011498
153.642526483396
154.009214428719
155.276448876131
156.098973448621
157.787991481135
158.256426844979
159.172878625104
160.759935169946
161.578319884604
162.362342609093
163.576920932392
164.969608435873
165.695903897751
166.683480482083
167.807930430397
168.033994116588
169.491398040205
170.237190465908
171.334189604269
172.651670007734
173.758587350603
174.749961334746
175.88387405104
176.146923416993
177.007737996057
178.103719683364
179.524776231265
180.743513723835
181.645510877948
182.869525591144
183.760643160669
184.013773281593
185.942340938374
186.521046732087
187.463256353047
188.781185315689
189.794190960936
190.577356236987
191.53033413412
192.786063399166
193.538242954062
194.730389208067
195.813811589964
196.11985623138
197.65072918497
198.102366957814
199.194077705499
