0.797226591967046
1.86823172657751
2.76356183807366
3.78041980438866
4.49886114127003
5.24623489566147
6.39336640993133
7.15697331307456
8.15956883109175
9.01778711937368
10.3213551950175
11.1063146337401
12.96991863125
13.4179593110457
14.0860896536615
15.7103014986496
16.3063714597374
17.7801097638439
18.4909074516036
19.5378131719772
20.2901429233607
21.349106956739
22.7412939318456
23.4498056017328
24.5674508956727
25.8198352067266
26.3814579332247
27.0333348093554
28.9840915806126
29.1882197416853
30.9321306461934
31.5071061202325
32.5892731093336
33.5795436494518
34.3721790495329
35.7994456298184
36.3268068761099
37.5557401885744
38.9868229394779
39.3115702436771
40.4482199943159
41.2601145647932
42.6375953641254
43.1438766003121
44.6961271758191
45.8538433930371
46.6504002015572
47.1254459440242
48.9678914663382
49.1708500529639
50.0461672507226
51.7452746627387
52.2178183388896
53.0733296989929
54.1316849451978
55.0537460173946
56.8730901612435
57.7775020671543
58.0106291547418
59.7671549168881
60.8092332023662
61.1413149314467
62.459486692911
63.5844989295583
64.5719833308831
65.0383036304265
66.5394215597771
67.8783912307117
68.0471524440218
69.0773771358654
70.9932556201238
71.6357770347968
72.3848578969482
73.8391016123351
74.829796600854
75.2908314366359
76.9678415744565
77.4742622764315
78.5542523895856
79.8555280377623
80.929717981955
81.2077104572672
82.2716552738566
83.6544740262907
84.7312440904789
85.0536129944958
86.498680919176
87.6462904012296
88.5053577218205
89.8060988846701
90.6773729445413
91.3116475387942
92.7915079570375
93.7713678716682
94.542260739021
95.4422445495147
96.8587163337506
97.664314558031
98.627748981351
99.0582066082861
100.436099117156
101.780308758374
102.965892669512
103.715281227371
104.608430630527
105.666642381344
106.71443348215
107.33207565709
108.555849042954
109.884143871488
110.612521399744
111.067064601695
112.862688773777
113.663501654053
114.160638969857
115.508642314002
116.543611091096
117.667442805832
118.407834828366
119.325946525671
120.909754510038
121.965748863295
122.058485834859
123.920834782766
124.382534201955
125.580660825828
126.813983420841
127.616343980189
128.806017365772
129.59095519199
130.840827540029
131.709283997538
132.872782325139
133.644695694325
134.638240883127
135.930557328044
136.404999693856
137.44972952269
138.576000191504
139.20878115599
140.431632019812
141.571048505837
142.453870405909
143.216408310924
144.061870972859
145.548694926547
146.120392180048
147.989011860453
148.955559105612
149.252030636417
150.621567925671
151.469574804185
152.525391791016
153.90475512878
154.426392915426
155.90183978295
156.284743411699
157.598468812415
158.560898557538
159.20291224937
160.582761655329
161.258477740455
162.631449988578
163.405052706599
164.279697680147
165.891039579874
166.697892986936
167.113016988151
168.589608007343
169.339886450209
170.961488002911
171.04396226909
172.25416574697
173.674482267117
174.159532890888
175.320755908266
176.414100485854
177.656996052712
178.597276740475
179.224003876327
180.103622068651
181.382074639201
182.821290767286
183.54367514886
184.920452546095
185.910061736358
186.815356595209
187.691721340409
188.529182382626
189.149036817485
190.602466844022
191.303847237024
192.538183624158
193.027927995659
194.732144922251
195.297636747127
196.31188277225
197.306792357238
198.256108471658
199.488248170353
