0.232301390729845
1.61022714641877
2.78978390921839
3.28756049508229
4.31619539787062
5.90333704231307
6.24176245345734
7.17328598047607
8.09778527310118
9.72304611629806
10.7708578244783
11.3747396992985
12.9994258284569
13.5660589474719
14.7846461317968
15.9605312901549
16.2495453662705
17.1277711384464
18.6506296552252
19.2192044355907
20.1268124512862
21.5961572041269
22.6635048682801
23.6589125751052
24.0409842999652
25.2121333586983
26.6707648194861
27.6200576669071
28.6218658927828
29.1964852907695
30.7972636080813
31.2579924194142
32.197195504792
33.6669829036109
34.7167001618072
35.1633138568141
36.0539715813939
37.5980439430568
38.5736791726667
39.4329110025428
40.1532833389938
41.0799996890128
42.3528102538548
43.4079331180546
44.3720335057005
45.138764222851
46.6463957773522
47.4697184204124
48.580942776287
49.2970235599205
50.7862698964309
51.2540841142181
52.7398714623414
53.7844599517994
54.9212687835097
55.6019842431415
56.5908756491262
57.1255243672058
58.5496043916792
59.0244275941513
60.8057961061131
61.3133082417771
62.20862855413
63.3865235238336
64.3624746131245
65.566957793897
66.2795579964295
67.1920165929478
68.734935810091
69.1367334092502
70.1170571011025
71.5749069389421
72.4000243912451
73.0085723435041
74.9982247056905
75.6717944773845
76.0523106621113
77.5856037642807
78.9306976634543
79.2769250385463
80.9125713997055
81.1926696605515
82.9191569504328
83.6618541567586
84.7490250305273
85.5390023845248
86.8856382120866
87.159941400867
88.7037398493849
89.6095794059802
90.7641159549821
91.7577923128847
92.5490543087944
93.6097339673433
94.9556297345553
95.4766310448758
96.3250921096187
97.6714483622927
98.2835456614848
99.79280006513
100.624671225436
101.132816118421
102.739412885392
103.394819454057
104.530580750201
105.379103537183
106.527153739939
107.787996935192
108.091388171539
109.601389826275
110.190703602741
111.339646271663
112.449993083021
113.125419551041
114.663824974326
115.288335225545
116.408854288748
117.442993100965
118.933691210812
119.213069107616
120.734973929357
121.577449736185
122.30385275255
123.256297001848
124.669724499807
125.188643180765
126.27683599852
127.311281326693
128.471124615055
129.576322837966
130.363970346283
131.367930297274
132.314464243595
133.452161306283
134.448861376848
135.442022059346
136.549261458684
137.868492395384
138.787169251125
139.48821920529
140.555452319561
141.23201326048
142.84529066016
143.907862807857
144.350137939211
145.687550103758
146.752696129493
147.600191627629
148.804706441704
149.632913092617
150.314087829553
151.783248839434
152.63397360174
153.365943590878
154.735020764871
155.59232863877
156.348861166043
157.470471824985
158.160632660845
159.796846724115
160.037972224643
161.205142633058
162.409990758169
163.468425507192
164.777448710985
165.405373229878
166.101355677238
167.284173668595
168.468331103446
169.064164777519
170.11417782749
171.171275049681
172.948455018224
173.465603429358
174.425449858187
175.897202411201
176.54537980468
177.926565503236
178.50522911083
179.743011967745
180.000285997521
181.827933654189
182.5115961642
183.195405022241
184.006531197578
185.660044366959
186.207549058599
187.986200389219
188.328811848303
189.354089134606
190.567974574398
191.212206406752
192.233858672669
193.329713782761
194.944542619633
195.480885483092
196.050662953639
197.761318164412
198.893962072441
199.852252376499
