0.323080197209492
1.43829901865683
2.69194500497542
3.91637632413767
4.10430201492272
5.06515728752129
6.45286365575157
7.68073785630986
8.04343608161435
9.28332367399707
10.2315294772852
11.0381066943519
12.3821055227891
13.1088072357234
14.413268859731
15.3755477899686
16.8800984867848
17.1569054941647
18.2656443815213
19.9704046694096
20.8748917493504
21.3721794609446
22.1974336416461
23.3902856265195
24.981828593649
25.1276040945668
26.6258501219563
27.9715636593755
28.0589621539693
29.5631875717081
30.582176579861
31.3726494959556
32.4139057733119
33.9663615555037
34.9646535499487
35.6573779953178
36.3325738406274
37.6983042878564
38.049005334964
39.6811355836689
40.2549666254781
41.6556043394376
42.3599865064025
43.2860505525023
44.5267929306719
45.4891680774745
46.9684437138494
47.6010932871141
48.6647821785882
49.8246791511774
50.2454365491867
51.1845928940456
52.8754910575226
53.7990455585532
54.3300302592106
55.8254922993947
56.2788381755818
57.4069407253992
58.6926240518223
59.1720919699874
60.6910115240607
61.5029200161807
62.2370098214597
63.388527961215
64.7605659451801
65.557380666025
66.5262228208594
67.920688977465
68.6008635018952
69.2257183003239
70.194092030637
71.238041482633
72.4783264149446
73.6284062352497
74.389681443572
75.2690011882223
76.1819053038489
77.8120384179056
78.163143229438
79.7986906478181
80.3211834232789
81.2081668507308
82.1916090080049
83.2866469228175
84.7795723474119
85.3560900490265
86.1212807367556
87.5670785058755
88.0376319675706
89.4977204930037
90.678797663888
91.9023583123926
92.72105673654
93.8182336103637
94.873961574398
95.2280057326425
96.9851215181407
97.2530846900772
98.9093607999384
99.5742162631359
100.808260319289
101.856969394255
102.022510223323
103.195840768516
104.556742121931
105.733924367931
106.692853409331
107.02589138411
108.510348269017
109.38265308761
110.546362953726
111.669192827772
112.429474467412
113.765639305115
114.164928863756
115.162008018466
116.581407907652
117.539059453178
118.722277030582
119.490502520232
120.034809855046
121.494828564813
122.24219893897
123.462290544063
124.228711255128
125.572697258089
126.011640477926
127.202035827097
128.861173043028
129.62404864165
130.219145721057
131.212344992906
132.676191950915
133.560507357121
134.129545301665
135.870377233252
136.132420234149
137.901965676574
138.402729906142
139.340084654046
140.687836195575
141.106578455772
142.367849162081
143.558348201215
144.899108935148
145.395286245039
146.082839621697
147.186950098258
148.717730351491
149.205704687862
150.286592890974
151.933542063693
152.815880880691
153.012738574995
154.27269694698
155.693495593499
156.945930875139
157.992976825684
158.636696129804
159.073581358185
160.375719668344
161.04730693507
162.045979469083
163.651948921615
164.871655619936
165.864983089967
166.973592284368
167.400536118774
168.223214740166
169.97126902733
170.483857644722
171.667917670216
172.547886817949
173.630860840902
174.810874480288
175.609147443902
176.428618076956
177.688357620966
178.387953488389
179.913082706975
180.239777097479
181.081231312361
182.174937393283
183.892566872062
184.53451764863
185.88190605375
186.781704667956
187.987401115242
188.429707950912
189.712261425098
190.320134156849
191.451236371184
192.832726298831
193.057317856699
194.202440348687
195.914763682056
196.422959267395
197.411506775999
198.393029395724
199.206831963733
