0.112936679739505
1.11431320384145
2.75216857716441
3.96884364145808
4.54233974777162
5.84922560770065
6.41569317085668
7.53260968974791
8.03873824281618
9.65651663090102
10.3588110832497
11.5082487573382
12.0146450356115
13.0075179659761
14.485635826597
15.2788230229635
16.0903223489877
17.4625428880099
18.7919840847608
19.3629202290904
20.0081656049006
21.8038425336126
22.5388510467019
23.9763117195107
24.715806825785
25.6685460396111
26.6667499274481
27.5214585075155
28.5828663257416
29.511751371203
30.8831943832338
31.9378294162452
32.3901473889127
33.5428282602224
34.1838485058397
35.7229789271951
36.7300182015169
37.9438562279101
38.7463078612927
39.7338373363018
40.0529012281913
41.3773414394818
42.4246562283952
43.5535745501984
44.2519560947549
45.6982107686345
46.6039725078736
47.393506258959
48.2317305763718
49.989658288192
50.9573995326646
51.843061260879
52.4072984484956
53.0636584600434
54.2829715979751
55.5007440601476
56.4737699481193
57.7283417934086
58.3099470662419
59.5808839483652
60.8256092329975
61.1584293476772
62.0953656907659
63.3374627099838
64.9590842658654
65.797762470087
66.5497021989431
67.8220133341383
68.4970748515334
69.6337051969022
70.5682866459247
71.9726769796107
72.2950678332709
73.0141050277743
74.0656399338041
75.6675401879475
76.8606730294414
77.8594078817405
78.2919929549098
79.9799804661889
80.970887207659
81.9787736691069
82.0022342388984
83.6472429286223
84.5583060334902
85.9217946496792
86.6219683848321
87.4751089897472
88.8264013265725
89.7577488829847
90.0566296952311
91.0339951894712
92.8110857496504
93.8290207318496
94.1292233564891
95.9839843020309
96.6284878160805
97.1416203251574
98.5490773774218
99.6879350512754
100.41032531159
101.912240581354
102.671722489875
103.629489469342
104.481021882966
105.571005887119
106.579782906687
107.753138083033
108.24340888951
109.592727380805
110.480176362908
111.306329640793
112.110232891049
113.347372104879
114.051303275162
115.552628680132
116.706564325606
117.248932007933
118.004332906567
119.94756806409
120.217227856629
121.827593385475
122.906377919717
123.909854730358
124.728165950859
125.000333903357
126.946850032778
127.50355833536
128.860666200751
129.266937635839
130.644324974157
131.534297166858
132.702665848657
133.055117410608
134.13440058683
135.004076381214
136.757157034473
137.25043871766
138.246500899084
139.739310747711
140.755963318748
141.81761951209
142.983460892923
143.622715570033
144.804389440222
145.784439340001
146.022578512784
147.030392832821
148.861151286634
149.932735670125
150.181569900364
151.626691449434
152.81885765586
153.750644040061
154.212543674512
155.477923183236
156.703672610456
157.659688767977
158.56427447102
159.010531103006
160.500723136589
161.409847557778
162.901906410931
163.592927617021
164.649399670772
165.798211625544
166.616964525077
167.42590050213
168.884957760805
169.51136505208
170.31501163519
171.901110709645
172.195135579212
173.661475846311
174.186570897
175.3964534197
176.648740062024
177.043334268732
178.727530533681
179.579014122952
180.208251385018
181.760751209687
182.127313221572
183.908719051396
184.348356475588
185.449390791357
186.151765976567
187.509280507918
188.720614754828
189.831288901856
190.089621138293
191.171954616439
192.287871774286
193.179487765068
194.876436366001
195.84533391986
196.194192139897
197.390213540755
198.512379039777
199.603561615571
105.138229658362
105.625737929018
106.495213431772
107.785757165402
108.79781206511
109.501522723585
110.888135950314
112.429274252383
112.951629436808
113.980119049316
115.082455187105
115.687438365771
117.295939352363
117.481491453014
118.610669175396
119.721960744355
121.437154912623
122.414473589044
123.480528513668
123.881799420342
125.324225021992
125.579413866857
127.382540593389
128.367021506652
128.744037331315
130.121830078308
131.069893751293
132.172361747827
132.605262326077
134.033608041471
134.7547698454
136.172368537402
136.916635836707
137.587765372125
138.569819178665
140.452526433626
141.236130249919
141.860823983094
143.033854233101
143.660575640853
145.000206669793
145.705158782657
147.335586470785
147.833933357149
148.881432355382
149.722049977165
150.683614221169
152.204323542072
153.096711323829
153.958160878392
155.10545250983
155.512552943081
157.431951034814
157.851375287399
158.64765520487
160.174557037652
160.983151695691
162.39664813783
162.486446371302
164.14292571228
165.213648383506
165.676430048887
166.60315164784
167.860195104498
169.293581028702
170.031099609332
171.394457307877
171.761236413848
173.287105289288
173.588547163177
175.093116229866
176.045882891165
177.101612223312
178.055437996518
179.397236921825
180.396046364913
181.381799557013
182.352255599573
182.981860915432
184.467994750012
184.597216983559
186.164541073376
186.556746630231
188.142136472976
188.829434958054
189.71006500721
190.900485006161
192.386245734058
193.275477839168
193.967170279473
195.066029427806
196.374509748304
196.731621480314
198.069726718357
198.796616234351
199.75791026256
200.793578044046
201.920531069627
202.906767035834
204.194694361649
