0.236176285892725
1.49966829153709
2.15489989565685
3.21058412641287
4.7272605439648
5.88876536698081
6.71405971958302
7.59934354922734
8.42497800383717
9.65014801803045
10.8743401772808
11.7159110310022
12.7229318441823
13.2221730998717
14.2484891714994
15.872976004146
16.114198080264
17.1500969210174
18.4191826777533
19.0582548095845
20.5916422232985
21.5820147781633
22.0703974850476
23.9166412847117
24.369500486413
25.3019939018413
26.3015326717868
27.2508930864278
28.4570034402423
29.7814857400954
30.5545256487094
31.768701584544
32.3909353744239
33.3800320895389
34.6338178596925
35.2004696403164
36.047114434652
37.3958168432582
38.0824673653115
39.6291195824742
40.1230852338485
41.9849669160321
42.9109551303554
43.3799865122419
44.8589378115721
45.5198678048328
46.7501739040017
47.8066357725766
48.0518474306446
49.3099267899524
50.91286491137
51.0066520059481
52.0472419615835
53.1815867593978
54.9184248945676
55.7535986907315
56.318499121815
57.7994346783962
58.9560000796337
59.2562615654897
60.2612285355572
61.0623780968599
62.2247747909278
63.4167081224732
64.5870193897281
65.9122890797444
66.5882716961205
67.8355144164525
68.3627653184813
69.4694001902826
70.3043549852446
71.173759218771
72.5721501635853
73.3311885744333
74.4121979295742
75.4999563421588
76.9712137486786
77.7575748132076
78.7066847358365
79.4508024028037
80.310521944426
81.8210589508526
82.9389435155317
83.4264878211543
84.5923556983471
85.1158561080229
86.0059002749622
87.1068763516378
88.0302098838147
89.7104215188883
90.5046941577457
91.0058120293543
92.6811317813117
93.8339426871389
94.0807936789934
95.7276119410526
96.4589196054731
97.841337607475
98.4617016708944
99.1630527740344
100.894865640206
101.442676950945
102.456221200293
103.795226911083
104.501435916172
105.852636751486
106.436546795536
107.209035095992
108.517481766175
109.686535239685
110.131418392295
111.46493957378
112.995770790614
113.676412767498
114.719049399486
115.174155815039
116.918541845167
117.317412065109
118.961341137299
119.817829427775
120.726279276889
121.187517666491
122.761087746127
123.61810032255
124.392505545402
125.601354815764
126.430575106526
127.661929877941
128.963756520068
129.401873566676
130.541614737595
131.588789934292
132.172499561217
133.930511479499
134.57625266863
135.840333267814
136.139537865296
137.35588380415
138.985492077656
139.190024223179
140.855102107394
141.247172736796
142.505964571144
143.986293684691
144.084537722403
145.024740568129
146.072357618716
147.274673292413
148.339341592509
149.866354417056
150.9667786262
151.076258016052
152.43167285691
153.711393188452
154.321231404087
155.921968350653
156.68401003792
157.220395243261
158.445329438429
159.590875485446
160.216439936776
161.121279460611
162.73232356552
163.851441004779
164.212400192861
165.282164148521
166.588120974367
167.975622723578
168.510575657245
169.173705272377
170.335121302167
171.870573905762
172.437884281389
173.428970730864
174.10935873026
175.644275186583
176.16921748477
177.137941124151
178.186760013457
179.700019543292
180.755442195805
181.107037633657
182.183128311532
183.002023998182
184.60576780769
185.025041081244
186.498314036988
187.732731681317
188.763337779092
189.077876978321
190.799704040168
191.605916184839
192.353601546027
193.473605748964
194.941554421326
195.329659145558
196.763545525027
197.215775737539
198.31598370336
199.914879576769
