0.28603196865879
1.4363919897005
2.10320084076375
3.43677887367085
4.76231028488837
5.05967445881106
6.50251801335253
7.67028436739929
8.18478925572708
9.80705613223836
10.3555469198618
11.8170433472842
12.3332441335078
13.3807131389622
14.0364414013457
15.7077309086453
16.2522691241466
17.2646202831529
18.785249564331
19.6351316489745
20.0750697555486
21.2199101420119
22.5254573987331
23.5309489038773
24.9778912456241
25.6353147777263
26.8181336685084
27.9694666715804
28.7901222924702
29.6928482081275
30.6221505797002
31.4476004312746
32.370215390576
33.7934377344791
34.7329237463418
35.4504695918877
36.6594043613877
37.0990604490507
38.6809746753424
39.3731215025764
40.8939797508065
41.4277629670687
42.5526659449097
43.6437225132249
44.3407774658408
45.9810367920436
46.2858446727041
47.1977026804816
48.3194775651209
49.6020980698522
50.5122130101081
51.2493782844394
52.1336067798547
53.6580660354812
54.9824770584237
55.5939648265485
56.0466899774037
57.4651378684212
58.779038107954
59.2222727155313
60.2249146928079
61.3157094470225
62.7522881098557
63.4557082362007
64.5039433797356
65.3537349104881
66.1326062383596
67.8153729466721
68.3135792436078
69.4657633439638
70.0099620136898
71.1788253814448
72.7664613956586
73.6336002659518
74.4385271475185
75.6215340909548
76.5510840597562
77.6240580684971
78.2273242613301
79.1523846967611
80.0316537849139
81.406478850171
82.2278951816261
83.2718185137492
84.6295503687579
85.2793643546756
86.9205981744453
87.9665277190506
88.0246646841988
89.1097823553719
90.2279781627003
91.26670235442
92.2674502027221
93.9271317012608
94.6028005313128
95.0306612509303
96.4850329933688
97.6414857017808
98.1115745624993
99.6068517002277
100.375443220604
101.23634825414
102.577528863447
103.664431931451
104.38017181796
105.658945694333
106.317988996161
107.095825187629
108.457096501719
109.871513893362
110.215009068837
111.709712044336
112.129500514362
113.606921076076
114.933570184046
115.291877362411
116.144501158269
117.396487557795
118.218698632671
119.888684796868
120.003253097413
121.258304469055
122.773751883302
123.684072418837
124.889606926357
125.109203169588
126.466379191261
127.957543444587
128.20795679721
129.35808820161
130.902160248486
131.667306742398
132.277008370496
133.940396119375
134.725160744507
135.150307765696
136.289122346789
137.23588480521
138.206983504584
139.306555678835
140.012300763279
141.135413671378
142.789204749977
143.536569428863
144.5737943477
145.861270996043
146.356243578484
147.863728188677
148.915551993297
149.430543258088
150.022437418345
151.01800676086
152.312529210933
153.999251828762
154.362794587621
155.592702636728
156.026939854259
157.903021356557
158.982903900789
159.461371951504
160.439138375921
161.740432262188
162.376986248652
163.69447432016
164.87670392124
165.543018794619
166.077395118773
167.703946605092
168.467751269694
169.703251475235
170.207061446505
171.457443945808
172.961735879537
173.009190115379
174.821016391972
175.323682967573
176.166228984715
177.287273892434
178.219668103149
179.925409975927
180.205917256419
181.092197394464
182.055247496581
183.145916251466
184.471541712293
185.781421161024
186.814668317093
187.81142722955
188.201268951176
189.095895258477
190.854830282042
191.66053960938
192.089832629776
193.293217522791
194.612932493212
195.646015644073
196.639636313077
197.025733513525
198.921335174236
199.116873079911
93.1837654735427
93.6693944137078
94.7460265359841
95.8687686976045
97.2534956224263
98.1453733469825
98.3038585006725
99.891903546406
100.859793754527
102.097387827933
102.667171760695
103.28399042692
104.62019617809
105.388286900474
107.10262485873
107.535594163928
108.795339498902
109.791659554467
110.997519024881
111.808104861993
112.927215956617
113.793177390238
114.90715599386
115.310926055536
117.229285738198
118.205398930237
118.658383533359
119.587293171789
120.278942877427
121.392651655711
123.071201340761
123.670449551661
124.749998219544
126.172321801772
126.466033454053
127.942612010986
128.885166976368
130.051446282072
130.499735511141
131.652155755553
132.41673763562
133.32684881473
134.655103544239
136.221817199141
136.945724053541
137.841074699536
139.196913339198
140.143611145439
140.88218222768
141.88856880879
142.593780287541
143.689073476242
144.690979595296
145.364897445543
146.573360667331
148.258199821692
148.308427721495
149.971874988638
150.715323361335
151.871108758962
153.266858097864
153.974902106449
154.612232822226
156.107643098338
156.319782079663
157.606782880146
158.405259316321
160.232491425471
161.089455968933
162.195008830633
163.155045624357
163.779436621116
165.259553597774
165.727395122172
166.523124730913
167.569880269468
168.642599682324
170.207329285797
170.618609671015
171.270755406702
173.176005327841
173.89207857335
175.261458623689
175.569905080367
176.361830377951
177.683851881884
178.959976688493
179.687308449065
180.464918744983
181.638040593825
182.930453422247
183.583957073977
184.848796330858
186.16238651122
186.931390982354
188.252090656431
188.417632206576
190.030008182628
190.758800816489
192.174719833303
