0.0178646624553949
1.0321317082271
2.01068453653716
3.07794823101722
4.46534349489957
5.89488383918069
6.45461513893679
7.61005775490776
8.41374179511331
9.2296502192039
10.6169959148392
11.5647079132032
12.2167073267046
13.3361218480859
14.2920686742291
15.2296342831105
16.9203125152271
17.8684039805084
18.856835339684
19.2759341308847
20.1833481825888
21.9227417455986
22.57276962162
23.9515730154235
24.8561154368799
25.4161584442481
26.1131989031564
27.3567878429312
28.370637223823
29.7492398424074
30.1265806860756
31.9433808503672
32.4093897535931
33.0415102166589
34.351233196212
35.7113042878918
36.8205475646537
37.8831156645902
38.5606772145256
39.6842468024697
40.0875346586108
41.6496767655481
42.8842898858711
43.5765807642601
44.8554413507227
45.6124121053144
46.9953118057456
47.8413603568915
48.8738761558197
49.8554065371864
50.9296886653174
51.7544654305093
52.9132630950771
53.4540893356316
54.9226404991932
55.1471327685285
56.977961683413
57.542013509199
58.4487615835387
59.8354582476895
60.410861075623
61.7924003151711
62.3106571184471
63.3469969828147
64.6039305615705
65.2741183254402
66.9515693506692
67.9799986630678
68.5139201979619
69.4175424491987
70.791624099249
71.066471998347
72.1333775052335
73.1837692155968
74.8013243775349
75.3042231351137
76.5909864772111
77.3522759932093
78.138171589002
79.6314928124193
80.4148860650603
81.1703518265858
82.1467604078352
83.4579803189263
84.5065178570803
85.5379689058755
86.4309787580278
87.6118321809918
88.5668753604405
89.5887177921832
90.9721768926829
91.965918013826
92.0432820271235
93.5640124753118
94.4057048661634
95.2297015795484
96.5618570942897
97.2899212969933
98.9548754026182
99.3055008118972
100.050721842796
101.009251612704
102.697404924082
103.905402919278
104.333974488545
105.039765294176
106.011088174069
107.235114740673
108.222726993728
109.663873365149
110.061239831848
111.498481035931
112.224955341779
113.842728654854
114.416684831493
115.837999827228
116.800372753292
117.398859562119
118.063785761362
119.615873380797
120.691180370515
121.842392192222
122.08618590259
123.288209728431
124.825397008331
125.916598101845
126.461811698973
127.565325731179
128.702898376854
129.551037646132
130.268305117963
131.106721896445
132.685773408972
133.354120850563
134.804017863935
135.949278090149
136.571041515563
137.635109074181
138.762691343203
139.405146749457
140.92504388513
141.151055647992
142.123193824664
143.769189943327
144.744733178057
145.714088858804
146.925325317774
147.043422303628
148.945684689796
149.194037454203
150.697483562399
151.922641985817
152.271671249997
153.483408090658
154.637322416762
155.415061754407
156.486450281693
157.306909004925
158.949942278676
159.61401606095
160.820408379892
161.536497841123
162.577157089952
163.324032991426
164.378256596392
165.046258966904
166.53350782278
167.240691784769
168.484531430528
169.572493051412
170.518982054899
171.640568367904
172.678429886466
173.528855706332
174.515018346487
175.631891358877
176.741876912536
177.119015738601
178.039858581033
179.106974154478
180.5778492752
181.241064771777
182.385925551178
183.94037605077
184.187371427426
185.307237878907
186.834372092271
187.902425004402
188.494471780956
189.190408796305
190.656762639061
191.241931854747
192.781081691384
193.049875623547
194.669049683027
195.972515091999
196.026632371591
197.48170966655
198.433313285932
199.386521453736
