0.291819000383839
1.38268843851984
2.26411119708791
3.49181374302134
4.60477627720684
5.94141111895442
6.42327011725865
7.03420266392641
8.55445583094843
9.41632391395979
10.5967709757388
11.3161534636747
12.4436356450897
13.2554448468145
14.1715926653706
15.2002029023133
16.0499572150875
17.378880550852
18.3852339130826
19.3089030426927
20.205511136679
21.2547311026137
22.1147368764505
23.7654537665658
24.1785142882727
25.0362860332243
26.2740291191731
27.1397211905569
28.6178092358168
29.3745267498307
30.3568090887275
31.9638895085081
32.4258889728226
33.7593986946158
34.9028680506162
35.3369183840696
36.7874715989456
37.8599345723633
38.7906730372924
39.9739222805947
40.4182577840984
41.5470179130789
42.5533055567648
43.4612457803451
44.3933644616045
45.3363314480521
46.7605459904298
47.7929857140407
48.1128872507252
49.6348917444702
50.0911123219412
51.7816051072441
52.8795963912271
53.9168413339648
54.3134707489517
55.110919969622
56.4927025942598
57.4085976926144
58.2512074804399
59.9005090759601
60.1945233566221
61.158744872082
62.4015134177171
63.1787587406579
64.6939027819317
65.7783329500817
66.2193791824393
67.5343426794279
68.5681060624775
69.3743343448732
70.7528997873887
71.3641913083848
72.1983689833432
73.9854556065984
74.0820221947506
75.7798827532679
76.2563648857176
77.21621626243
78.1526147159748
79.9046549475752
80.7047816694248
81.1471346863545
82.5340901645832
83.0705587852281
84.6881777711678
85.6340153645724
86.1814536000602
87.9619736643508
88.1173870800994
89.0766892856918
90.3225966456812
91.6410414362326
92.5666462501977
93.0098866871558
94.2330104499124
95.2298563655932
96.2055350437295
97.4705207005609
98.9010373016354
99.6225785391871
100.964575804072
101.083132565022
102.400948821334
103.081192237791
104.707690202398
105.241833932232
106.546892655082
107.566362201236
108.399256122066
109.837528734934
110.79882699321
111.364960551495
112.085905616637
113.69851191761
114.347356018843
115.351332092891
116.813131646253
117.322287200484
118.310208241921
119.367099869298
120.933821375482
121.343201047042
122.923856891692
123.443976583192
124.500744689954
125.674031534232
126.561331269797
127.935481683118
128.542880568421
129.255461295368
130.883836641209
131.277656231774
132.553221187787
133.832385157701
134.349037303356
135.578836159082
136.986947269412
137.361142592737
138.645267834421
139.521279607434
140.987721479498
141.428580050124
142.429988040822
143.053633640287
144.047944711288
145.112839033594
146.012580396375
147.343653775519
148.570917579113
149.10092980694
150.405284699518
151.961465552915
152.806678426219
153.137580151437
154.944486589637
155.627929158509
156.573522713734
157.621342698112
158.550005113706
159.480396271683
160.304375737906
161.097210007254
162.92482650117
163.541631517
164.417730459711
165.939010005677
166.999125174712
167.108976701275
168.612281110603
169.629473978886
170.438184384722
171.999921478098
172.91814066912
173.619498362998
174.856734601781
175.390366331674
176.593002604088
177.379390486749
178.062202477129
179.741277814843
180.454377342714
181.582677298458
182.730705033522
183.402059702668
184.756587554701
185.694407760631
186.029149516486
187.845453417161
188.216880714754
189.08522726479
190.56736835395
191.958159191534
192.904397194739
193.599544192664
194.601033899235
195.581861838698
196.735567748547
197.556669125333
198.649466895266
199.590689662378
114.477716759313
115.364968694281
117.203695342643
118.223998641828
119.063697996316
119.741481785662
120.615881540114
122.301024081418
123.185981710441
123.567840462551
124.58604335133
125.547312362818
126.815501705278
127.707503467565
128.393877379131
129.929853304056
131.180663236883
131.853110120399
132.843499260256
133.354728142265
134.455210052896
135.537748622242
137.041430565761
137.545133010484
138.56135579804
139.424427647609
140.710187603254
141.78979053651
143.163782540476
144.279965208145
144.773199904477
146.027778890682
146.873243871843
147.785728038289
148.760616864776
149.608457315015
151.102195163956
151.523165737046
152.631374952151
154.187571967486
154.418146943441
155.601532825269
156.374390838901
158.062095335918
158.726632574107
159.477927944623
160.84378193575
162.054367647739
162.390311639989
164.337791615166
165.108258201741
165.589839161141
167.034163926961
168.29388532578
169.168832232477
169.446305631194
171.083563324995
171.616554133827
172.809995859629
173.418393942062
175.243471741211
176.053038015729
176.940623982577
177.462125565857
178.388649723027
179.663408942753
180.379502277588
181.623444153927
182.817510400899
183.925873497501
185.207229596097
185.974116843194
186.66741439933
187.640570136951
188.812345372979
189.51687511499
190.387606488308
192.083353418624
192.851940392982
193.443186568562
194.79464747617
195.738462617388
196.742746842792
198.265702828998
199.196126828203
200.288956845179
200.484125825809
201.781542835757
203.087389015593
203.826349472394
205.204654485686
205.621744039003
206.793787877541
207.502618246246
208.659445501398
209.501368803205
210.52442811802
212.342842038022
213.005450660829
213.684828517959
