0.54558364697732
1.83293818240054
2.59783281059936
3.21713515301235
4.6814796270337
5.60614841524512
6.4688136021141
7.30758257093839
8.26266219536774
9.72101590922102
10.9009992368519
11.118627800839
12.9998304920737
13.3296529650688
14.2315012174658
15.6714650564827
16.9526122820098
17.4711148375645
18.3763269504998
19.017907734029
20.6252664725762
21.2552792450879
22.5428631163668
23.6052752004471
24.6563964930829
25.1220038260799
26.4623939667363
27.6847240314819
28.578052152181
29.5367502956651
30.563668837538
31.6136580749881
32.7237398477737
33.8526184889488
34.4207889072131
35.09034305159
36.2920178193599
37.4972243711818
38.7929691888858
39.053732402157
40.4178262636997
41.5266355092172
42.4601956338156
43.3757464168593
44.1025387840346
45.9941664454527
46.8241270820145
47.4983706222847
48.3480878453702
49.7661514556967
50.9400146913249
51.5712190205231
52.0647686824668
53.5624790503643
54.7802229721565
55.872821969213
56.5452961844858
57.7430793400854
58.8888806144241
59.263401981676
60.0084456868935
61.8585017363075
62.2402195623145
63.1121460569557
64.4077199592721
65.7040838981047
66.5699755076785
67.2461071053986
68.5191888024565
69.1402602149174
70.0167913942132
71.3658977288287
72.4436673854943
73.4798182428349
74.7812472688965
75.7319378040265
76.1807366348803
77.0313010495156
78.0880552453455
79.0322465449572
80.4132633232512
81.3178079840727
82.6184529298916
83.7515926484484
84.2104292197619
85.1036688692402
86.1002357746474
87.8642837749794
88.7611135898624
89.8630402802955
90.4010628494434
91.9906179725658
92.799458690919
93.0265116540249
94.0058454782702
95.1519407676533
96.1211877840105
97.9712257501669
98.7664493424818
99.2106857779436
100.130105012795
101.301070411224
102.363782336935
103.404063494178
104.05818536412
105.963795748306
106.682959025493
107.082947270479
108.688416658202
109.196325795026
110.114363498986
111.476337284315
112.507370145991
113.424706887221
114.363207321847
115.406831117114
116.873481664108
117.741074788384
118.599430626724
119.970807486679
120.644059294835
121.845870172838
122.647182604531
123.348019388737
124.027902645525
125.990508537041
126.480162590044
127.741275557084
128.550310881808
129.170876895543
130.234070598381
131.300064718584
132.495918992674
133.221416770713
134.761555164587
135.823018583702
136.274601941928
137.502646847395
138.128646780504
139.879987338791
140.776043468388
141.834794061258
142.303603231441
143.899976533372
144.83020905056
145.431935537374
146.24160420266
147.243001394439
148.710431662854
149.509884097846
150.950889853761
151.079234619159
152.96761415177
153.915757729672
154.319615082117
155.067060653819
156.442893679952
157.55440499098
158.500343424268
159.747616266599
160.020625827834
161.495670569828
162.057504233904
163.935924988938
164.74999134941
165.272743962007
166.735223504016
167.678515582113
168.783919699024
169.597084451932
170.928302458953
171.193842500914
172.318604934728
173.634281108389
174.309238629881
175.791019384284
176.225058706012
177.411068259273
178.016597272595
179.062169511104
180.666977786692
181.960617228411
182.847961928928
183.288034344325
184.428457656642
185.920617833734
186.968091315124
187.023619933985
188.441714536631
189.353413872421
190.61532140919
191.998248697026
192.756273877108
193.68971099006
194.71286466904
195.245602549287
196.662611863809
197.196946080076
198.902221366065
199.237215626519
