0.506013143574819
1.47190905874595
2.68857269478031
3.87857381650247
4.30224980181083
5.42769996379502
6.00560230505653
7.08644893835299
8.24135367805138
9.53175532398745
10.4240879907738
11.1473273271695
12.6530792468693
13.7695404754486
14.7012090738863
15.5111426624935
16.8587385332212
17.4097519849893
18.2471637562849
19.2439613235183
20.5508806733415
21.9952733591199
22.9564960347489
23.0912841274403
24.7544624158181
25.6586727374233
26.0066968298052
27.4131268779747
28.2477974693757
29.7448904877529
30.6928219278343
31.3036919236183
32.0719235735014
33.7199007538147
34.6395328049548
35.7345027441625
36.3444054110441
37.8792770674918
38.9167615510523
39.5934197735041
40.945279418258
41.6506210707594
42.0116930454969
43.8721406215336
44.9669606899843
45.6407372457907
46.8879649462178
47.1556904860772
48.0873389502522
49.9714089340996
50.4227814706974
51.5387956136838
52.0773377500009
53.3503861811478
54.3154630230274
55.9072099018376
56.3268466861919
57.5757622588426
58.7036792184226
59.8415980113205
60.3518306924962
61.4959318337496
62.9355557926465
63.5873416177928
64.0107614356093
65.1083703218028
66.384330713423
67.7869462294038
68.9280004540924
69.7298447384965
70.4705946126487
71.7103043231182
72.0510573193897
73.021833271021
74.3063096986152
75.1933994647115
76.1828414783813
77.07397647365
78.5989610531833
79.2691011286806
80.0565917759668
81.0029072843026
82.1526071419939
83.6127434433438
84.7222231000196
85.8429268619511
86.8819850855507
87.87715065456
88.216730216518
89.084892221028
90.0099486182444
91.6848843661137
92.8824340049177
93.1793192748446
94.4145960391033
95.0112171177752
96.3591403528117
97.9333858483005
98.0425013983622
99.2327492891345
100.806430909317
101.549529878655
102.939069371205
103.473993126769
104.871744562173
105.988516830839
106.444630461046
107.980737742968
108.180796496803
109.919046075316
110.467756194528
111.192383544985
112.31739913323
113.132774826372
114.508212869056
115.301765491953
116.981895728968
117.306849765591
118.090564314043
119.493199974066
120.386300745187
121.850229051663
122.131434884155
123.047277477337
124.948276908835
125.946610687301
126.200095643988
127.467255772557
128.977033929667
129.529703412205
130.474114010576
131.310118821217
132.588512198767
133.737785065314
134.976056460058
135.895263907034
136.47596906242
137.738892492605
138.082775558811
139.183599788928
140.498099422315
141.865997119574
142.23933067522
143.128535711439
144.85960656614
145.151650740532
146.297528552823
147.789212876232
148.680015170714
149.023791740416
150.985469569918
151.176753024338
152.453289323254
153.686634755926
154.859992197482
155.863080216339
156.355757860001
157.429849451408
158.54432737641
159.154615195235
160.251725582406
161.365218578139
162.992041773163
163.331107135396
164.509539427469
165.046946664108
166.96982343425
167.383334226673
168.745821357239
169.299364950042
170.966038044542
171.23025511764
172.117948613828
173.524793592049
174.598993776599
175.726572226733
176.382331990171
177.967271505389
178.025222244672
179.360561571317
180.296752983006
181.268743002787
182.448201298714
183.774496820988
184.165634688456
185.169081835309
186.76719274465
187.204132642597
188.229151612148
189.285405797185
190.40150521812
191.611593817128
192.30656932923
193.486486352049
194.107300768606
195.095717301592
196.866058703978
197.374415684724
198.184323739493
199.068333002739
