0.161621910519898
1.41118079144508
2.35127525776625
3.67317875777371
4.31081302487291
5.70583021291532
6.20710655138828
7.60034584184177
8.78292541508563
9.43924063886516
10.4154783822596
11.3799916023854
12.5331913074479
13.0332057620399
14.55154367676
15.8045257020276
16.418152350001
17.4699215106666
18.3802705090493
19.1603356355336
20.7664337542374
21.4875952631701
22.161901306361
23.7737020584755
24.3911952278577
25.2336870310828
26.7770870903041
27.1255216740537
28.2591879558749
29.7939177793451
30.8659309456125
31.3588668438606
32.6822141974699
33.4802083338145
34.3415481336415
35.0480114214588
36.0907626454718
37.6822296883911
38.578303320799
39.9718474820256
40.3572084628977
41.7204391655978
42.6328798991162
43.5786371550057
44.7256630396005
45.0777568207122
46.7045545345172
47.6956052696332
48.4369806600735
49.5888237748295
50.3294810375664
51.3029094708618
52.3460243754089
53.1157973776571
54.8618682688102
55.7781961502042
56.9360634300392
57.325045537902
58.4692479383666
59.5136091364548
60.8192348920275
61.5857791577
62.7675878785085
63.2951396480203
64.6289044944569
65.3513255664147
66.7018175793346
67.9801873203833
68.5058252061717
69.3153322341386
70.7996625644155
71.8131914469413
72.5755515482742
73.720925495727
74.9553787191398
75.5542710323352
76.3777059370186
77.3554188299458
78.0262797770556
79.1275877454318
80.3650904169772
81.2564857210964
82.1064294970129
83.2039541674312
84.428589344956
85.9110752381384
86.0257254268508
87.8532131253742
88.8370055491105
89.0463257208467
90.5892833252437
91.2841047476977
92.2596479083877
93.7103697382845
94.7099194135517
95.9269606426824
96.4501663404517
97.1717270468362
98.8642607878428
99.2093470019754
100.475280235056
101.556664219359
102.123768614838
103.912378152367
104.628278206103
105.450036023511
106.19619965856
107.220256259898
108.343773316126
109.543646132806
110.608773894608
111.674559911713
112.403925682651
113.752223172225
114.67245922354
115.765010605333
116.142276759027
117.460410050815
118.414412964135
119.531409968156
120.193315821467
121.880695847562
122.93690731586
123.064272819087
124.680923696142
125.982038224814
126.074718957068
127.417356499704
128.742883516476
129.387013514759
130.598012092756
131.104251733748
132.655912185321
133.479405553313
134.051688041305
135.851852932014
136.443661322817
137.419485952472
138.901918681804
139.268973914208
140.522324224003
141.263206495903
142.165661521023
143.051455673529
144.723116396694
145.982482896419
146.64464841946
147.070601219544
148.371032548137
149.447393006412
150.171070990618
151.059416342992
152.456197419204
153.595555984182
154.970142177073
155.15247724927
156.013994037872
157.312423167052
158.732492479496
159.117441274226
160.14029281144
161.153804695699
162.581684695324
163.991377116647
164.780489090597
165.33329456416
166.248207317898
167.251955709653
168.360317348735
169.535621329676
170.107980199158
171.427308290964
172.708484264789
173.180160311051
174.48459175718
175.958551850636
176.540494768182
177.039924083976
178.926559006562
179.677185883978
180.008309752448
181.598065787926
182.212353721028
183.820841897279
184.526943794452
185.237661444582
186.569346025819
187.755478407023
188.372133149067
189.925307105063
190.339270243188
191.820419281255
192.162435792154
193.548798165284
194.807223624084
195.131733404705
196.064104408724
197.323264031205
198.303827535128
199.029209975619
