0.734299357281998
1.49936596490443
2.36023352853954
3.40004426566884
4.37455403036438
5.70637853187509
6.93553968705237
7.58293421100825
8.75744305527769
9.74397960514762
10.9685586770065
11.8138517800253
12.6484942147508
13.0019272956997
14.8829306513071
15.0320044807158
16.5250883435365
17.3187740638386
18.0371969428379
19.8281008885242
20.711432475131
21.8360237951856
22.1999441976659
23.8278439943679
24.2617980949581
25.2508208828513
26.4167543693911
27.9490777731407
28.3801214476116
29.2444949394558
30.4959031241015
31.4192472295836
32.797540060943
33.6767815302592
34.6550005206373
35.8141188716982
36.5612469122279
37.4984846301377
38.9946003665682
39.5959158958867
40.5339636844583
41.5095979070757
42.8574211332016
43.1845203144476
44.9161954775918
45.176853585057
46.7358242785558
47.6411258226726
48.1361855634023
49.6029783659615
50.5235977156553
51.395089333877
52.1960899473634
53.8559132788796
54.1842659332324
55.8804493886419
56.2324707396328
57.3475883756764
58.9965391454753
59.7743313773535
60.9157947462518
61.6297355254646
62.5508295090403
63.6218029004522
64.0047241579741
65.528023657389
66.0601159234066
67.0768230617978
68.6817652955651
69.4822779975366
70.0646813043859
71.4884500794578
72.1817088376265
73.1045518568717
74.5804223141167
75.9169229748659
76.4816705225967
77.6248123722617
78.8622048918623
79.0807047439739
80.6450595802162
81.6047432343476
82.4291502630804
83.3403029076289
84.9806998935528
85.7756519820541
86.9543754959013
87.167822559597
88.9198008538224
89.4450277679134
90.6907643787563
91.3614788611885
92.6553594071884
93.0039326262195
94.4645520835184
95.0037169679999
96.8447434431873
97.8454475610051
98.8818021181505
99.6093286082614
100.826017813757
101.848495411919
102.574388987152
103.162886079401
104.870686100097
105.232417333405
106.347947287839
107.675134227145
108.182680383092
109.645378092537
110.796948179835
111.096193897072
112.162399278488
113.693452669075
114.246204398107
115.506511497078
116.436419678619
117.125869924668
118.669318202417
119.480439583305
120.182765362086
121.850195074454
122.64110639994
123.518343601376
124.824433261994
125.316262322245
126.751193207921
127.858844035771
128.702693085186
129.734987877309
130.849231576547
131.478550607106
132.769311890937
133.199408393353
134.551728579449
135.397555042058
136.784612894058
137.240451397374
138.003850387875
139.007662959397
140.036719246767
141.735532567836
142.475202277536
143.303771116305
144.475899898214
145.18904611771
146.17227887339
147.505936777219
148.272127225064
149.938821628224
150.602846019203
151.669996559154
152.90592058585
153.293555810582
154.169806658057
155.457317915512
156.242745666998
157.455133171054
158.464100928046
159.418808487011
160.043027129956
161.848094411893
162.945727236336
163.684583042981
164.220081990119
165.717336963164
166.926767646335
167.597977635683
168.364820388146
169.715058462229
170.834746337961
171.668613094138
172.910627704812
173.941202590941
174.184970073635
175.186623858754
176.607727317372
177.529172110138
178.59308040794
179.755224753171
180.18318540114
181.013469282305
182.414223881904
183.842915156856
184.105113262311
185.859533938579
186.671923536109
187.288272090256
188.065152955474
189.043287409004
190.933165548369
191.303323376924
192.312953231391
193.627209793776
194.487785567762
195.761871390045
196.576132215327
197.320929792477
198.424198070541
199.618981314823
143.329570712755
144.014900513925
144.613430580124
146.364390394883
147.421451816801
148.237676297314
148.544690167066
149.77494415082
151.35377381579
152.398950325325
152.741850829916
154.238463519141
155.386015268508
156.275113525102
157.015680263983
157.641488895984
159.322227983037
160.223281455692
161.150568525773
162.10734101804
163.312608766137
164.431785298046
164.884957257193
166.449599943124
167.414729109732
168.131191856228
168.818015196361
169.661167579237
170.693355472758
171.993369238917
173.066805929411
173.566088932799
175.135793574387
176.151612372836
176.593475973234
178.314488864504
178.934741554549
180.443558844505
181.064818287967
181.848234395497
183.349700897234
184.301708600251
185.269935212564
186.261974711902
186.566916913493
188.171579130227
188.493294059532
190.086154540302
191.424853769364
192.403651325731
193.252526594093
193.99898513779
195.341503426898
195.857075989014
196.763032942777
198.043888213113
198.618154771393
200.261245824862
200.490182907321
202.316417978145
202.564896179363
204.161216355627
205.346283854917
206.090633681044
207.070579082007
208.38780201762
209.222524349112
209.531533130677
211.025915562874
211.719722415088
213.164696811233
214.1375629541
214.888339750469
216.372569822939
217.215080166701
217.627732226858
219.428129786858
219.790830379352
220.861561152618
222.268213762436
223.016750113806
223.896331427386
224.483892089454
225.936510298867
226.945251776138
227.628834707197
228.716158095514
229.558887314284
231.405579319224
231.706541154068
233.229650638532
233.638110137545
234.585839893203
236.033294489607
236.633282096591
238.284122338286
239.005363363074
239.972231514519
240.535052908352
242.023222024785
