0.924558095168322
1.62193673523143
2.49675195408054
3.08283841400407
4.60364296310581
5.9153621965088
6.27451707259752
7.73077671672218
8.95650409976952
9.88864999939688
10.6399936180096
11.0780465533026
12.5050827353261
13.8357369422447
14.1186877724249
15.4286599021871
16.8111703768373
17.0500276060775
18.8426824808121
19.8704040355515
20.8038641891908
21.0701861795969
22.9754336953629
23.8944748668
24.8077214357909
25.2096074535511
26.5442527316045
27.8599269532133
28.7705867181066
29.5991062929388
30.2686117482372
31.4555079403799
32.6869323141873
33.9591631703079
34.6752656113822
35.5808034059592
36.5179400879424
37.5428519754205
38.1976665477268
39.2208129034843
40.0005233250558
41.7829779146705
42.8320746559184
43.3735717921518
44.4615292064846
45.5129118289333
46.7125109443441
47.6761770721059
48.0007835309952
49.6250773693901
50.2739369038027
51.2434925704729
52.2617960178759
53.7481133246329
54.7923874349799
55.8811412835494
56.3723569002468
57.4610580811277
58.3985351044685
59.5178771927021
60.4948414063547
61.2110167578794
62.6656644821633
63.437838983722
64.7390266137663
65.9256186103448
66.1357462413143
67.3895274538081
68.049128749175
69.1854485336225
70.2428742472548
71.3405114584602
72.9098882433027
73.7268973547034
74.7024423077237
75.9635057123378
76.1557591021992
77.013830489479
78.9362817651127
79.6565986715723
80.2538669286296
81.3321768173482
82.3520176291931
83.6252850473393
84.8705517763738
85.4687440872658
86.0174569254741
87.0306688151322
88.2751655890606
89.9235850530677
90.3134097028524
91.5726385987364
92.7010591186117
93.2916166754439
94.0400019786321
95.6882318288554
96.8046633293852
97.2682994694915
98.7499528194312
99.2566236981656
100.306276339106
101.937994614244
102.16604184825
103.878509804141
104.203577026259
105.180725363316
106.421029980527
107.14397247741
108.514371374156
109.58612118545
110.935534068383
111.184253384359
112.44424725743
113.378870282322
114.15173715516
115.160463293083
116.93175517465
117.000963117229
118.968842684291
119.407712893793
120.371663136641
121.313409913331
122.015412540408
123.746995194117
124.527873854153
125.685522610322
126.157459355192
127.34761665808
128.030297833961
129.214420349803
130.385827146703
131.790686568478
132.275331513258
133.689383729361
134.566462236922
135.234431121498
136.553778781323
137.550462691812
138.431176879909
139.412335598608
140.839790492784
141.56507130689
142.059104571119
143.552122771973
144.15109867882
145.224085442256
146.09853639733
147.065595628927
148.592372507788
149.035059096757
150.665827041259
151.828854326159
152.645624762634
153.997761639766
154.703599835513
155.434110717848
156.656782677863
157.979496587068
158.233007708797
159.204780668253
160.200603721896
161.955411393894
162.526611379115
163.322048995411
164.698654827662
165.176868980052
166.873021553271
167.98826666642
168.774549026275
169.191887928173
170.799599539954
171.823689217214
172.550872260006
173.409442286938
174.780083775055
175.426519427914
176.313174495241
177.714259277098
178.541435359512
179.131631539203
180.395792585099
181.780126935802
182.137268756283
183.274038682226
184.224432598334
185.951164894504
186.28475902183
187.748241712805
188.83580222656
189.725190191064
190.950839022407
191.642686331179
192.420073390706
193.22926373384
194.53706160211
195.60954728513
196.633938578423
197.993432253599
198.829820786137
199.083206976764
