0.371154422406107
1.78164464863949
2.36847003712319
3.99905671202578
4.92047238838859
5.28968257433735
6.62489562993869
7.14264098089188
8.12838724977337
9.04260349832475
10.8983519303147
11.645678000059
12.5262676735874
13.8906205163803
14.9265713223722
15.5405917919707
16.3209210615605
17.1683696769178
18.0019801103044
19.0847769612446
20.776168192504
21.5835501041729
22.2373260371387
23.261749044992
24.9914629387204
25.5008502886631
26.0920693497173
27.1642002388835
28.9075879699085
29.8594697988592
30.5117637231015
31.6210063931067
32.1603049547412
33.0829874211922
34.6762722337153
35.0982363158837
36.5233261822723
37.4280382369179
38.6045607971027
39.0481025511399
40.5706101048272
41.881155514624
42.62644842593
43.8000787810888
44.1037938885856
45.6845876558218
46.2698975701351
47.1951023193542
48.8969792658463
49.7996362291742
50.0680815670639
51.5914811030962
52.9155528019182
53.9706565036904
54.5166174699552
55.2549282473046
56.9814714409877
57.1438690617215
58.3842571175192
59.8003533068113
60.7207157202065
61.1663045135792
62.5695050752256
63.7475609595422
64.689704912249
65.6463884611148
66.9135283934884
67.6590914651752
68.3082002284937
69.2337480233982
70.6494703497738
71.6877787653357
72.2284572550561
73.8596025023144
74.4817293132655
75.0286455622409
76.7042164169252
77.4890580920037
78.1328622112051
79.0578034336213
80.0062145260163
81.0849798442796
82.3391972088721
83.517379778903
84.9899875908159
85.7874731456395
86.0799614784773
87.5171626496594
88.1473064180464
89.2449924093671
90.4251501006074
91.4632332609035
92.2563709688839
93.4979776502587
94.4057986813132
95.5582064818591
96.5377999991179
97.1308472100645
98.6238955175504
99.1134814620018
100.619968808955
101.981189460959
102.929626947269
103.607532348018
104.971032886999
105.67733366997
106.392118846765
107.312387838261
108.936852976214
109.884730384918
110.755576024065
111.790191954002
112.962655606447
113.442059880588
114.306177006802
115.626828928012
116.734193462413
117.017758839997
118.238800522638
119.655033814954
120.336848205188
121.993321364513
122.201257787412
123.256740260636
124.777866414282
125.619990548585
126.358606044203
127.236867430387
128.989567871904
129.248857278144
130.267345187487
131.718339426676
132.597274915315
133.184652565746
134.904032463208
135.674354020739
136.7199061953
137.068340509199
138.365513201337
139.211377115222
140.692272215383
141.945435079979
142.604792744154
143.434989042813
144.749636812601
145.45599346119
146.305273099337
147.772567779059
148.282456115121
149.44146063365
150.450172064826
151.476805222686
152.341324922396
153.837084796047
154.4377054621
155.030258319341
156.114027444273
157.122976335697
158.047690369887
159.44657279877
160.671822640579
161.643011223758
162.430759145645
163.612412609858
164.513175358996
165.297899178928
166.890280422056
167.610161273507
168.823828034103
169.057959098602
170.889273375971
171.170268501854
172.945276161889
173.27132735285
174.728087139083
175.648874933831
176.150846587028
177.528504336253
178.130822370294
179.151865389198
180.856738066301
181.030002140673
182.432828614721
183.028085112805
184.796963957837
185.627946707886
186.092333876062
187.970938155893
188.931718165521
189.556681070244
190.159351289272
191.959685623646
192.419276625151
193.605421897722
194.069878984941
195.549296182115
196.471968404017
197.086600396549
198.283417202299
199.935269589303
