0.594275172334164
1.15506541356444
2.44668995402753
3.67370041669346
4.53188759298064
5.09030291833915
6.68422206188552
7.05654625152238
8.52376648876816
9.12297439784743
10.8273265799507
11.3578272261657
12.3002753437031
13.8643328100443
14.1537267998792
15.6163951777853
16.0628649410792
17.5696365139447
18.2096736798994
19.9829845568165
20.4476970594842
21.0237603855785
22.0936530195177
23.5565928418655
24.5180720742792
25.3509160280228
26.2126016546972
27.5063019082882
28.9393700787332
29.8103491179645
30.3467791329604
31.686969824601
32.8192285068799
33.6891353765968
34.7984543303028
35.6761523664463
36.3792476230301
37.9095294834115
38.7905667971354
39.2708045947365
40.1710286482703
41.499418731546
42.7112979569938
43.153641939396
44.776111476589
45.5114423001651
46.2242425356526
47.907814201666
48.9811136443168
49.4174347252119
50.3523890175857
51.4352368251421
52.8483652074356
53.0227942613419
54.1342461456079
55.3535429700278
56.5006460978184
57.2301906717476
58.2070615582634
59.8006776161492
60.1314560766332
61.4057721500285
62.1066239159554
63.7098229515832
64.7355788757559
65.3550152468961
66.802986925235
67.6515907638241
68.4445962493774
69.5382723140065
70.3187892655842
71.1778388009407
72.8162813985255
73.0387847519014
74.0172443238553
75.1293340011034
76.7510509409476
77.1030819755979
78.0780557575636
79.3189215310849
80.8744488526136
81.7973421998322
82.2878907423001
83.7951156054623
84.075262606144
85.8286073589697
86.8386618434452
87.6577346906997
88.9391866310034
89.8691380401142
90.8273196192458
91.0911823115312
92.1073509552516
93.3449724619277
94.0178312130738
95.0469388137572
96.8704624052625
97.4112972975709
98.3755197359715
99.4400743679143
100.203572970815
101.162616537651
102.13433519192
103.015164274024
104.283988637384
105.968439935008
106.673283129698
107.270985173061
108.114969654009
109.206681511365
110.490867527667
111.41558910883
112.789432835765
113.746385658393
114.093280214351
115.128093224717
116.172077682102
117.383357200772
118.977508822689
119.934665040346
120.850686075864
121.638634081697
122.568081625504
123.543395535322
124.50236045965
125.031507892301
126.721274664626
127.260414609453
128.408257168252
129.500957871322
130.134342034347
131.949103780556
132.295535900397
133.599351344863
134.50014901883
135.717319945106
136.596177879022
137.590074739419
138.194543910678
139.811004908523
140.164940135088
141.691734762164
142.214041000232
143.313781069126
144.755350676831
145.723408728605
146.519399309997
147.885432997253
148.267258944456
149.24932713015
150.506624276517
151.288456271635
152.708981140517
153.528590589296
154.890358938603
155.851608398138
156.801926928805
157.221734713297
158.446706230752
159.532781851944
160.243752541952
161.191580206156
162.650156472111
163.309016609332
164.806800864171
165.756287769182
166.782585348235
167.678479407914
168.793021749705
169.739729238208
170.782578574028
171.600060211029
172.832815174479
173.143716687104
174.219022126403
175.426938777789
176.539058600785
177.324423785554
178.657894612057
179.79245448648
180.06208119262
181.615461163456
182.003247625893
183.25897443993
184.012487010099
185.31522743823
186.055850135395
187.337573080324
188.991087242262
189.426163722994
190.065972370561
191.071946402313
192.324665731518
193.226637277054
194.775278706336
195.526813623961
196.419851852115
197.187902402133
198.720153632574
199.486276168609
