0.56560295028612
1.18140511424281
2.54917242657393
3.32403767318465
4.65056634135544
5.2254766789265
6.18934478005394
7.58821251941845
8.49109846563078
9.00006516836584
10.5426719458774
11.23968480248
12.6860638787039
13.0643524646293
14.2304983357899
15.0028717811219
16.3358041285537
17.9955889014527
18.5854726401158
19.0203353841789
20.2607534739655
21.7466351496987
22.7724631864112
23.9202353451401
24.9169551865198
25.789846413536
26.3540882477537
27.7763764844276
28.9931823546067
29.1030110267457
30.1715182350017
31.5297516135033
32.2249762900174
33.6052441010252
34.7124270095956
35.2990988285746
36.9813039887231
37.1546157046687
38.8285514519084
39.413148482563
40.4771622156259
41.8344431524165
42.161121029174
43.0834016592707
44.5606093166862
45.7572845974937
46.195549846394
47.3751727389172
48.8533260347322
49.4027022921946
50.0964995385148
51.4467473861296
52.5809054465499
53.3212406428065
54.019397506956
55.7731112772599
56.3488393365405
57.6974918751512
58.7390185825061
59.984914456727
60.5596179165877
61.2906103597488
62.6541108479723
63.1356052281335
64.0233636861667
65.9934337367304
66.0177525291219
67.7431174942758
68.0675687217154
69.6948971441016
70.3334775248077
71.0169242087286
72.9843414612114
73.4839499332011
74.5924755153246
75.0638841413893
76.3752873016056
77.6016104642767
78.0860900206026
79.9968282589689
80.936317589134
81.6993587471079
82.1307103144936
83.7909737045411
84.2377419795375
85.4783688478637
86.16337012453
87.0432837323751
88.1183232590556
89.2553579048254
90.5673818497453
91.712369447574
92.9461648971774
93.0220231884159
94.2677093457896
95.4857392520644
96.474157222081
97.5606053147931
98.0017836722545
99.2029158324003
100.180545973126
101.493389492854
102.014640760841
103.628447826253
104.253837380558
105.091613315511
106.171254382236
107.895737212384
108.19978609914
109.964387438027
110.247003460769
111.950467267074
112.934338850435
113.592549238587
114.160468587885
115.53214797331
116.499231641414
117.752225151053
118.69887551479
119.595620147651
120.96077708737
121.325540482998
122.318622698775
123.919025726616
124.189700793242
125.850812614663
126.742308207788
127.707401034888
128.360719956225
129.281350345351
130.915639664279
131.370607076213
132.823388147634
133.645562035032
134.573742104927
135.724056193139
136.65100369649
137.137579367729
138.152567606186
139.225051356945
140.823351169704
141.306912146974
142.743182562292
143.59502999438
144.686911336379
145.76980653801
146.308434724575
147.711983844172
148.222695637029
149.624324708944
150.776287401794
151.075443610083
152.935639219591
153.429508162662
154.856343938038
155.145486735506
156.748748232843
157.132469099946
158.283609072678
159.420298832003
160.563116283622
161.965562883532
162.637599132722
163.312954131514
164.109456472332
165.624056674074
166.793142779497
167.208540733438
168.117835402954
169.8881355864
170.819640527945
171.744286957197
172.562150083017
173.25445239176
174.928117708536
175.965845254716
176.15530563402
177.628008264583
178.942138192011
179.645255001495
180.048710276373
181.418728610035
182.325736663537
183.938436626922
184.505780903855
185.444665328832
186.087063822895
187.530857932055
188.293067347025
189.439587668283
190.969106941251
191.20869168127
192.894840704743
193.383081360022
194.819791158428
195.042899455177
196.439434668049
197.455814716406
198.40645448328
199.185287099797
