0.684923963155597
1.12019804609008
2.20043368497863
3.46342713129707
4.04477612185292
5.34798054234125
6.14045130321756
7.66958281840198
8.53419453743845
9.22493881336413
10.0928965266794
11.3746391043533
12.1625743682962
13.7890836130828
14.6449728081934
15.1696185164619
16.5195059308317
17.2321193104144
18.5439140892122
19.4667966829147
20.7417803923599
21.046798489755
22.2936804022174
23.1899195727892
24.8902636750136
25.5634120388422
26.0995161030442
27.1738928344566
28.6052052837331
29.0296316768508
30.8596102229785
31.3746887140442
32.7107590034138
33.2748792245984
34.1827381756157
35.6482011305634
36.6261016491335
37.1663216608576
38.0407937439159
39.3917553396896
40.4102870507631
41.2016667397693
42.4148296990898
43.2008844427764
44.5882705526892
45.7833407502621
46.1476907504257
47.800602251431
48.5492067385931
49.352199050365
50.2244460033253
51.5323998967651
52.7069793753326
53.7659732259344
54.2673919415101
55.5955352694727
56.3075596396811
57.3155506975017
58.3069358435459
59.1046807118692
60.4165478940122
61.9269782933407
62.1900514566805
63.3284931466915
64.8441725228913
65.0721524332184
66.206299459096
67.9875069344416
68.0653369226493
69.7791235346813
70.6450188036542
71.1180794036482
72.3086962664966
73.2605786244385
74.7692569911014
75.9694004964549
76.8776464790571
77.1195073998533
78.1042732100468
79.3511517159641
80.8830736994278
81.7216474686284
82.2221639768686
83.6837571135256
84.9131499072537
85.0325877661817
86.8459877020214
87.6726946411654
88.7288307447452
89.0753939566202
90.6997643266805
91.2061319700442
92.2922640570905
93.2883652122691
94.1116883570794
95.4877917414997
96.7881518409122
97.7684197698254
98.017256368883
99.0273029049858
100.89232697105
101.065904533723
102.894319975981
103.061223716941
104.855480173137
105.102979350369
106.854313475545
107.959865557728
108.909098286182
109.318033457501
110.641044862568
111.616825844627
112.241343471687
113.062864117324
114.044198142365
115.109098920599
116.603833287489
117.330180695048
118.113691827981
119.412118152017
120.789202974411
121.207793236943
122.23951666872
123.212511204183
124.740689406404
125.915438576834
126.954224523855
127.835316343466
128.958653836977
129.06402689917
130.420749726705
131.939215674764
132.193769840058
133.157637418248
134.247059785761
135.101611107821
136.792489343788
137.658703977475
138.389021629002
139.991698033875
140.556215371005
141.593998460332
142.16848425474
143.283865588252
144.729211174883
145.37151193805
146.830823151628
147.94957209751
148.565770616755
149.263889662223
150.767501723021
151.602846591501
152.146618056111
153.909920202801
154.075533530908
155.747760295402
156.368451708462
157.944976588245
158.569342506817
159.910417549312
160.596439309185
161.603580849012
162.772186454851
163.183527466375
164.164681638824
165.349444812397
166.496076893993
167.784156947164
168.615403149044
169.619752746774
170.798195217038
171.603418605402
172.348706438206
173.290489229374
174.252113479655
175.722423307365
176.823212136514
177.007273377618
178.279804054881
179.663720253855
180.851455575787
181.300647325581
182.576098828809
183.822931347648
184.734452993842
185.260726287728
186.06493664789
187.652743649436
188.87567323423
189.615814361721
190.672076185234
191.997485849075
192.397933211178
193.290376907215
194.920629003085
195.627400153782
196.67312998022
197.51633105427
198.905991574284
199.922057065647
141.073407819262
142.33084394969
143.282534991857
144.388014601311
145.543691129424
146.146407386055
146.95883726282
148.317315860186
149.149133195868
149.659192428924
150.814812225755
152.1069709328
153.217163433321
154.076364338165
155.241234036861
156.095925278263
157.484724008711
157.946922759525
158.993566808989
159.636173364706
161.342928211205
162.00250456552
162.979434643639
163.614197732648
164.892408085288
166.499476469355
166.778813750716
167.945409905398
169.501520184102
170.411213408224
170.995694219833
172.344547312474
172.63476323965
174.064929887187
174.998920849757
175.642375726486
176.893401159905
178.301112541463
178.97820078861
179.693967175903
181.332029223442
181.601591489045
183.131067887414
184.463849032531
185.311959358165
186.095310478471
186.769475219306
188.149035173003
189.040355443489
190.217719353503
190.636141644325
191.678101007128
192.840009483043
193.778333963361
195.014991762582
196.230980708729
197.511451680679
197.567419583676
198.574086043984
200.279312964994
200.734907578677
202.528003050713
202.678068815265
204.296601346927
204.729150807485
205.983835935127
207.436785155209
207.729937999742
208.642802478978
210.364209931111
211.015102299629
211.631300898502
213.106434243498
213.872186517809
214.902398269624
216.400556008797
216.602466515731
217.99844744592
218.64578936249
220.389276525006
220.620679142186
222.427403220441
222.894339637831
224.547822494525
224.805176854599
225.557506251149
227.228242272278
228.036069592927
229.283775317715
230.524567105575
230.722407687688
232.235201016534
233.016779228114
233.577837803634
235.019119457807
235.751978860702
237.335505725816
237.813787399326
239.18361849268
240.092787022004
