0.264509625034407
1.0811140073929
2.54529346106574
3.74254385079257
4.01449818862602
5.92847771989182
6.50685096555389
7.12382315658033
8.40544599271379
9.31852940912358
10.8351464674342
11.8494540224783
12.9855756720062
13.3616657990497
14.7320469140541
15.5023659749422
16.3183241426013
17.6778303119354
18.1417869217694
19.0228127897717
20.2366213249043
21.0982490659226
22.6503836228512
23.5913597987965
24.0442724491004
25.9055136719253
26.9397083935328
27.424815655686
28.5895996249747
29.2102443501353
30.7946746377274
31.4829139611684
32.9923624678049
33.3928123645019
34.8963457394857
35.9711340123322
36.787792786723
37.1802314184606
38.2157057556324
39.3208640010562
40.7464219946414
41.0979703632183
42.7096444149502
43.1630831572693
44.6995169031434
45.265684916405
46.0421087734867
47.3496821108274
48.5844231771771
49.7605319921859
50.8928523340728
51.5200749402866
52.5309927102644
53.3963857505005
54.0078436331823
55.7903467458673
56.6212828569114
57.4794747186825
58.3258016144391
59.2859126010444
60.1147204404697
61.519287113566
62.0971752498299
63.3304554135539
64.3536309327465
65.647084237542
66.0878076609224
67.0252759647556
68.6057787656318
69.0119238754269
70.6433028788306
71.9208983245771
72.0486928520259
73.1192961963825
74.6846721195616
75.3722996956203
76.7422909119632
77.5875613673124
78.1766428609844
79.917714801617
80.9444349121768
81.193926515989
82.9406097272877
83.6905431475025
84.7166257130448
85.2149689223152
86.9331839962397
87.204197748797
88.3696751936805
89.0335023200605
90.9392276853323
91.7871016648132
92.0320297256112
93.2561297814827
94.454628268024
95.6636777927633
96.6113179142121
97.7939192482736
98.3948635007255
99.5377100124024
100.398166384781
101.769935437245
102.115555825643
103.449660587823
104.128450300545
105.603730653878
106.680081138853
107.878913389286
108.508676322876
109.068632069975
110.146782741882
111.79896729649
112.142810811056
113.026082013268
114.273050498217
115.436326530296
116.985545307398
117.739378109341
118.358622962376
119.331498919753
120.857384945033
121.0897529379
122.496355421143
123.907196419314
124.593007925898
125.220996672288
126.244475968881
127.611457358114
128.413533277577
129.023401084589
130.962414967362
131.086313985288
132.096021748846
133.567324160598
134.946582537144
135.092492848169
136.181855937
137.352476560511
138.855701546883
139.007228358416
140.379036218626
141.321622787276
142.212583232205
143.560057695722
144.015823770082
145.925588014536
146.7494532899
147.233009760734
148.56360777677
149.269233671948
150.586629448924
151.10114216106
152.301004542038
153.266104224138
154.537725749891
155.609170205658
156.914468134753
157.890171498759
158.962199716363
159.976707945345
160.341644671978
161.765260018874
162.256106449524
163.559123682091
164.687845197273
165.994327705586
166.49226881261
167.249164071865
168.357212788193
169.080741123995
170.105199367041
171.738089683698
172.638025741326
173.28716620896
174.624819401419
175.867706964957
176.13174144621
177.758240056457
178.245258129667
179.7872993825
180.502762830816
181.593445466831
182.55012104148
183.520478422288
184.055184991099
185.049376825569
186.563249978237
187.287825374631
188.212887269212
189.84322151076
190.201685227221
191.826369514922
192.916198910447
193.296596433036
194.674524745904
195.86429567216
196.220438959077
197.013517183252
198.273741606856
199.359601116972
