0.603806197410449
1.10311067779548
2.20078080706298
3.10664716502652
4.56340007600375
5.63132132822648
6.05016363924369
7.78992099803872
8.00907548819669
9.59263498312794
10.9022303565871
11.6647409466095
12.8886983585544
13.688010097947
14.7599571873434
15.2887532829773
16.1920207927469
17.6393567698542
18.8882562238723
19.8811455292162
20.7723692706786
21.6339282980189
22.7866782236379
23.5208262545057
24.1201989615802
25.4455611032899
26.680248912191
27.0995767109562
28.6502329285722
29.8495891469065
30.8505981876515
31.3161385587882
32.9008416463621
33.14614297566
34.7803569140378
35.0064242959488
36.9091784507036
37.1025057362858
38.5840468979441
39.8215136181097
40.8156277781818
41.2467237606179
42.0235905142035
43.8467558326665
44.7964091610629
45.2822299033869
46.6312386314385
47.9716821392067
48.8991936182138
49.2824422030244
50.5308628065977
51.1431935573928
52.0634798204992
53.0218742045108
54.3091518746223
55.0087055638433
56.4470442547463
57.7176941768266
58.7347578282934
59.6614039230626
60.6737098991871
61.4305695984513
62.4749246186111
63.0973270332906
64.0153352760244
65.307259687921
66.2011995308567
67.6067881048657
68.2264500744641
69.7154458553996
70.6714851090219
71.2739647473209
72.0118853664026
73.320319901919
74.6871976749972
75.9229718367569
76.9338788797613
77.188806372229
78.2204747071955
79.3197868673597
80.6688647267874
81.8797554534394
82.7833198038861
83.841940645827
84.3811737929936
85.106167020509
86.3686455558054
87.238855794305
88.1886015371419
89.4185401955619
90.3832022387069
91.1371706244536
92.4681994288694
93.5742942434736
94.8096423824318
95.9630878309254
96.3245076863095
97.5341466616374
98.5977803564165
99.8708406833466
100.626206970308
101.896143104648
102.179625731194
103.459886016557
104.408988500712
105.255826030392
106.175914360909
107.755228863098
108.346409033518
109.80690330849
110.973921399331
111.879548448836
112.277901192661
113.042291222373
114.847086510388
115.401597447926
116.992674456211
117.436650715303
118.796802898403
119.071925591212
120.874295542482
121.676795132924
122.189786348725
123.913798802299
124.769538309425
125.81757365982
126.721750207944
127.226062012836
128.782102472382
129.054620634997
130.078208537307
131.749954014085
132.404589252546
133.901204820257
134.273735172814
135.388662041165
136.817437092308
137.568901512073
138.394845569041
139.331617982825
140.801482559182
141.599542600103
142.1382430878
143.572211746592
144.286082430044
145.845405880827
146.522560417419
147.269624226028
148.110310082557
149.578875466948
150.378771768417
151.411700754194
152.69751174259
153.756478192052
154.057440568693
155.498239604291
156.477059333352
157.439225779846
158.413313475903
159.306478687795
160.172414079541
161.136499103159
162.848538100719
163.755502982065
164.562571387272
165.255919902353
166.655026080552
167.144695872208
168.204373492161
169.714150615036
170.912145402515
171.260420195758
172.952118210262
173.571104134899
174.601472164504
175.859441129956
176.34631491662
177.138264198322
178.894237556495
179.584608962527
180.42233367078
181.616586462129
182.041451010387
183.68986279075
184.239181406563
185.987375447294
186.775169219822
187.385858921567
188.231887870468
189.785844971193
190.259918454336
191.620626853546
192.2341290724
193.896210518433
194.674106893362
195.539580689045
196.574157599127
197.644358611433
198.434584051371
199.416223407025
125.527522135992
125.784460951574
127.065318002831
127.869012623327
129.083030926762
130.698567320826
131.068803683389
131.840967129217
132.814679907635
134.009357883828
134.864274241729
135.992654982023
137.197449425701
138.000674488023
139.174673475092
140.513269316405
141.692085609073
142.013712854357
143.144096644595
144.02721546567
145.762900178786
146.334587879712
147.144421260571
148.383195191855
149.654297282686
150.192157750251
151.768325410085
152.252232896397
152.81999130128
153.784103957238
154.812819583341
156.434374851407
156.830065027345
158.437778535299
159.103884572629
160.428093004273
161.243056547362
162.147558297263
163.413408768829
164.139748416841
164.881179783959
166.02471186989
166.952907347353
168.324827531818
169.551418728195
169.976722700056
171.496001058025
171.94932801649
173.234679008368
174.226096842904
175.761423334945
176.108170821331
176.939961980097
178.11224571499
179.454077968141
179.969421666348
180.921995687066
181.932792283362
183.143223855644
184.740259405458
185.233663097722
186.487803120166
187.577499839012
188.659084580606
189.248482525116
190.053576401202
191.28953421372
191.915399092948
193.065566850826
194.018905831734
195.163921296829
195.896366515895
197.200033943169
198.426081968239
199.451531281695
200.653548310511
201.059656714788
202.497912440915
203.231365633663
204.674314890057
204.774847611785
205.986649718601
207.307200495154
208.319066103315
209.66388612031
210.445774201769
211.670486384304
212.269695033552
213.674903154373
214.57175614615
215.049798379419
216.479261288652
217.576041507535
217.775838358793
218.819685851457
220.449633619748
221.098747581011
222.761418026173
223.50839119521
224.250342589105
