0.561872710939497
1.59052155958489
2.70336677529849
3.48657058808021
4.77435692911968
5.70991258695722
6.23281522584148
7.52880846895278
8.78586118528619
9.09109586803243
10.04478700459
11.1085865017958
12.6768284915015
13.6797684705816
14.2518972826656
15.6750917159952
16.8509470340796
17.6462191336323
18.6313870188314
19.9840431108605
20.5412407894619
21.6075326676946
22.069059735164
23.8845747953746
24.9318742023315
25.5953080081381
26.6278267796151
27.5375854712911
28.4044880643487
29.8815974635072
30.8211557713803
31.733324384084
32.3236085425597
33.6586478808895
34.6585847928654
35.3678284958005
36.2972008469515
37.4648548928089
38.5560723701492
39.9254124949221
40.1661036547739
41.1291489496361
42.4124593210872
43.7122403758112
44.2996413917281
45.436801831238
46.7538936622441
47.8557533526327
48.0562419095077
49.0354440892115
50.5835031182505
51.7489674193785
52.8996303493623
53.8758632785175
54.6695431168191
55.3566650222056
56.5171670084819
57.1251201212872
58.5849604166579
59.0367241546046
60.239608928794
61.8633375547361
62.4470244375989
63.10397021682
64.9854102153331
65.0581630822271
66.0986656881869
67.8373554234859
68.0761569431052
69.1603648678865
70.7724165648688
71.4320206949487
72.166588938795
73.3818296014797
74.0431062229909
75.7514009356964
76.9237519579474
77.845309631899
78.4701677106787
79.9338657916524
80.6506823098753
81.4499560128897
82.9270424523856
83.9173306738958
84.1784635346849
85.6898877508938
86.6353556700051
87.9156794161536
88.5639710982796
89.4332041977905
90.229020728264
91.0557007761672
92.4269505636767
93.7937152192462
94.3852608683519
95.9489565715194
96.2461078057531
97.9370981277898
98.2712166476995
99.8929465310648
100.904478821903
101.468423036393
102.249538898468
103.360210367013
104.969329585787
105.32604359556
106.451023509493
107.589953309158
108.633688935544
109.64210755541
110.990832986776
111.998366393615
112.084597251611
113.816461461131
114.243395063793
115.539423409151
116.354403936071
117.848926466424
118.144026578171
119.909801668022
120.109392003389
121.309568024008
122.501789478585
123.276231172029
124.580186352367
125.505745983915
126.098760518478
127.165876535466
128.887899991358
129.032173604704
130.900859728688
131.276204620488
132.198883524165
133.849707157584
134.132725521224
135.371059025638
136.786913221469
137.379326116992
138.64392382442
139.45497423131
140.473935013404
141.421725020045
142.770389043028
143.743655060651
144.448640211718
145.779308297671
146.397306927247
147.642465254292
148.878647247795
149.802643936593
150.734167707385
151.296741983388
152.623041825136
153.767335789977
154.500206767116
155.874998335261
156.607796643628
157.542712094262
158.070840754313
159.477383862017
160.551585545531
161.996689512627
162.585665790597
163.723544902401
164.332625378855
165.53001178219
166.393146457151
167.809320481028
168.729251731653
169.441416954156
170.284410166554
171.36629316397
172.379328149371
173.425351377344
174.286941322498
175.918546071043
176.537564247614
177.747084016446
178.353408515453
179.920541235013
180.329777421895
181.015879047802
182.453814507928
183.244220658671
184.347681064159
185.297872063471
186.447633585194
187.903279198101
188.287180482177
189.990718972171
190.451926164795
191.756038480438
192.725651638815
193.668956934707
194.373858603183
195.932164879981
196.631932496792
197.662744015455
198.683588973014
199.121838966152
84.9158087116666
85.7637987257913
86.4630763563327
87.2334334575571
88.8131771425251
89.3408464633394
90.8652700034436
91.5104036205448
92.3356169657782
93.5239467804786
94.7615066291764
95.7087821578607
96.3182634159457
97.4041827449109
98.2434910812881
100.08217691537
101.17198297428
101.285404381808
102.895558382384
103.498243109789
104.274477947038
105.985156347277
106.725406546146
108.081455112202
109.118840676267
109.220473238267
110.283159701852
111.97285710182
112.608946056105
113.700751969358
114.44344864809
115.258044419577
116.327598876553
118.014594329055
119.04305315041
119.972300827969
121.101288452512
121.363588439533
122.245054090628
123.59912980115
124.892195783323
126.006407754729
127.083406884689
127.311434342992
128.490428630495
129.62259805901
130.345927364426
131.452419708483
132.539888820378
133.891103611561
134.197584794834
135.984605886973
137.028964280384
137.241095204372
138.535770957358
139.754409813322
140.897541915532
141.796967257047
142.747753458098
143.297643862432
144.209382643458
145.514910398982
146.513978937175
147.504565681797
149.165170690045
149.759222081164
150.778486974537
151.677124074893
152.498805779498
153.424174875254
154.591056666803
155.525012529921
156.919631021796
158.130174880149
158.619756223867
159.255215523066
160.352665982675
161.653093843954
162.270309963729
163.722932436271
164.348478919361
165.749655158957
166.602148161735
167.495999644976
168.81787812477
169.47403920861
170.628960231319
171.850561809726
172.358698162716
174.058347475482
174.647877194686
175.611974603729
177.012925990392
178.126065833261
178.789978653193
179.403507072944
180.231516691856
182.090348658152
182.438208134845
184.077367316
