0.169399688253179
1.54518141434528
2.17001565219834
3.93932066042908
4.13169530057348
5.76546096871607
6.6886358265765
7.44803254515864
8.68812061077915
9.62265286408365
10.004863756476
11.6951509143692
12.8134905719198
13.1130084702745
14.7282493058592
15.4104606364854
16.9974571410567
17.4425163501874
18.3216599149164
19.5652603898197
20.0860730060376
21.4499748176895
22.2097411099821
23.9603189285845
24.0400842141826
25.9645021643955
26.7565521483775
27.9391464202199
28.4780037647579
29.5899612137582
30.3364435303956
31.4863601278048
32.5278757386841
33.2597923418507
34.0236086468212
35.24347061757
36.7446733503602
37.8242346367333
38.2885791705921
39.6758564820047
40.0619718281087
41.2715743097942
42.1603445112705
43.1114398508798
44.4442666096147
45.1941373131704
46.2845366415568
47.4953384909313
48.6224052242469
49.9406474912539
50.275190055836
51.8583456429187
52.1634785442147
53.2344810995273
54.5664325810503
55.0951441396028
56.1007850200403
57.7278945567086
58.181681919843
59.9583851161879
60.115846169414
61.1700881158467
62.4082406370435
63.0256941535044
64.0567673095502
65.8426840589382
66.2115773549303
67.1119728514459
68.8787139239721
69.0726599146146
70.04826713074
71.4724998252932
72.9731675551739
73.9893278789241
74.92171896738
75.7501488220878
76.6054537850432
77.8861509810667
78.1539953879546
79.3010433127638
80.0344348666258
81.5694362970535
82.0911251460202
83.3789057738613
84.3791375998408
85.7362124796491
86.5535388279241
87.9856592901051
88.8138058776967
89.704853043193
90.9498807436321
91.6950627036858
92.6815343915951
93.7726563687902
94.2682037160266
95.9527542623691
96.9797677570023
97.2917873254046
98.7963786770124
99.7197436711285
100.252058201237
101.751831606962
102.611048631137
103.032951388741
104.918313701404
105.844359868905
106.565948063973
107.085851676296
108.315635593142
109.969300496392
110.20541269891
111.105107705109
112.609641795512
113.522979279282
114.94119476527
115.790092317155
116.054590269923
117.410065126838
118.261335782241
119.701074789744
120.624570597662
121.713021487463
122.00058948365
123.999729674542
124.211575593567
125.219572977396
126.731878710445
127.768685345305
128.81094829971
129.356100788107
130.152365292888
131.948740932392
132.266653861618
133.623819754226
134.129722630139
135.942584125791
136.557185189798
137.664409212535
138.704841795843
139.664663656615
140.835987134138
141.849525118712
142.626392891165
143.18049050821
144.908731273841
145.223061495926
146.726528649218
147.585831793724
148.031783378217
149.252693406306
150.586409769952
151.420250782277
152.607230677269
153.941736554261
154.277910712641
155.74869172927
156.010997382225
157.572218306595
158.785333940759
159.405977129936
160.647517752834
161.82059314847
162.917058351682
163.730667384574
164.741143380757
165.580786929931
166.860652328236
167.966975274729
168.455730780493
169.30153811886
170.724870377919
171.190582300769
172.028285762994
173.441773416009
174.11744163651
175.937115240376
176.84481961024
177.072922152933
178.544183942024
179.206858857768
180.835857584374
181.704977372428
182.501668275334
183.797095549526
184.617321054451
185.085150489816
186.660006155493
187.965416750871
188.959093082696
189.185896185925
190.891196666285
191.393865494523
192.40587626351
193.851154995384
194.443112320034
195.41120746918
196.622520478908
197.153455163119
198.400224689394
199.036446354119
108.736611450557
110.24495713599
110.892085500062
111.565365830669
113.244334655581
113.650738067692
114.585951649351
115.982812605565
116.777722247643
118.150175918126
119.090274941875
120.264478778234
121.314006510423
122.034083048115
122.602814075071
124.042865869123
124.973726318916
125.589363388717
127.121097836411
127.591215871973
128.628022768535
129.414571783971
131.163867122261
132.284182035364
132.938736455282
133.94301457284
134.770285060396
136.094223046675
136.684544261079
137.448313890724
138.843057840131
139.635987560498
140.860536420252
141.805357351433
142.62577318307
143.864880181616
144.833397638751
146.140488329809
147.193454135675
148.233083433006
148.755054699257
150.1747152186
150.613716491032
151.975213726284
153.030174003681
153.834947069408
154.38835654268
155.831192197977
156.476491968147
157.854871493066
159.272660341114
159.701689798851
160.48758422723
162.14566222718
162.435238046106
163.698211099487
164.794149533845
166.183500105981
166.39573305333
167.631757830502
168.498367662309
170.032689263579
170.91115989699
171.697818019195
172.89495151164
174.024554605363
174.888917333912
175.554582220968
176.722653565928
177.432366603753
178.324575702893
179.786865869071
180.8526097422
182.292882199865
182.824681345373
183.813455686904
184.611035467125
185.904218890006
186.350255641155
187.455264074029
188.936197190545
189.497412700206
190.973599419696
192.009800612461
192.530105602462
193.644969983492
194.689505726332
196.166696006199
196.725835709134
197.723609523848
198.393889553612
200.105240417877
201.284678021446
201.878663368523
203.143602556083
203.627864499111
204.419552673586
205.606854265556
207.174027878558
208.307462626603
