0.274847398046404
1.27495986339636
2.37932803039439
3.09231310361065
4.19121637754142
5.0941320490092
6.62793132360093
7.53007429419085
8.94244463043287
9.27613740554079
10.4668067889288
11.7801856601145
12.9422569384333
13.5532625250053
14.2529347145464
15.1278600904625
16.9464599324856
17.8844938748516
18.362778775394
19.2916126828641
20.1877183245961
21.05745612178
22.6340087379795
23.6049527658615
24.0334783028811
25.4651842419989
26.5633520944975
27.060995713342
28.33272391418
29.5577711330261
30.2715817207936
31.1537511798088
32.6038570848759
33.4829876157455
34.4302876410075
35.8872661169153
36.1969694027212
37.3074115053751
38.1872917977162
39.2149795270525
40.7157038764562
41.6166786502581
42.5367187000811
43.1539148925804
44.6706084713805
45.6398619890679
46.5957859707996
47.6078985366039
48.4955192536581
49.7691560292151
50.9505500807427
51.1251119102817
52.0200313499663
53.8521232500207
54.5680789537728
55.8146249584388
56.0799031672068
57.4886497731786
58.9470439641736
59.2653260934167
60.3269966426305
61.0576199826319
62.1373558922205
63.284174680477
64.1869440604933
65.8737545430195
66.2012971302029
67.4152826324571
68.0923670360353
69.2803978018928
70.4255576522555
71.8814449366182
72.5832676310092
73.1449791160412
74.5901322532445
75.6954557553399
76.7229776247405
77.9959307895042
78.5940963700414
79.6987262126058
80.1997468303889
81.7059977292083
82.5258591854945
83.850599238649
84.2343138768338
85.1628390753176
86.7230304433033
87.367830727715
88.0743310800754
89.0542287004646
90.7959624335635
91.9097639531828
92.5267772527877
93.8081375453621
94.9011762780137
95.4626801952254
96.6220795116387
97.1449736552313
98.4758588832337
99.7766274327878
100.487705233973
101.691355754621
102.859267479507
103.979441197356
104.466365043074
105.369321716949
106.868936815532
107.887732757721
108.274028047919
109.685673923232
110.183437414235
111.321421129862
112.948863467434
113.282450056635
114.222544723889
115.036475167144
116.909658313729
117.885073338635
118.13430867577
119.203544030432
120.671653083758
121.789687016746
122.52654090384
123.605353823863
124.944498571102
125.967304293066
126.350573982345
127.014199427795
128.362655189587
129.406498049153
130.698029147694
131.947643956402
132.362794708228
133.485053174896
134.17022447288
135.819273224566
136.974129620939
137.542359982384
138.179535339354
139.64330436266
140.757096430985
141.333460095804
142.60254706745
143.422254408011
144.625763126882
145.491889229976
146.703416501172
147.912025547819
148.283376152627
149.1293702072
150.229191866703
151.164838518715
152.797457566019
153.901365151629
154.37860079552
155.599708418129
156.653657958377
157.534594286932
158.095246232115
159.750272324542
160.619899202837
161.468533144565
162.066753299208
163.919016895816
164.457401737338
165.093991959933
166.944777140161
167.455119607272
168.246540560853
169.461896356195
170.356284288922
171.13580359472
172.068315677345
173.999162038555
174.003349418286
175.645354083739
176.15325544076
177.074385148473
178.300464439206
179.387233972782
180.803691186476
181.660474846838
182.589445915539
183.17738751974
184.774266022258
185.651071434375
186.60654790001
187.164274921408
188.658784591593
189.415722415317
190.138310445705
191.269165347097
192.429489335744
193.787997529376
194.635237169685
195.970422580605
196.028824795736
197.894657188794
198.13373955735
199.030664815102
147.473835476907
148.422141961521
149.537340633338
149.943175335648
151.608191195643
151.966759435134
153.011389233638
153.950834194897
155.23140797927
155.976251941174
157.567820045631
157.852913043229
159.524096662877
159.872182365507
161.662628374295
161.831377828959
163.179891234264
164.687507692026
165.55268374458
166.536720626056
166.71844157204
167.823064733529
169.462987389648
170.266666446812
170.965333262226
171.756387083558
173.303632604657
174.489568593679
175.388829845469
176.365808362141
177.442826940212
177.952838334953
179.374695535749
179.734511022922
181.049595735734
182.673420468578
182.882479782216
184.527848822996
185.249666101765
186.337548530195
187.446855234215
188.08917616331
189.607031730004
190.700295265531
191.191927151987
192.603973801713
193.05546751502
194.416197177256
194.862183914753
196.325289209839
196.959549026797
198.073798542377
199.659524102928
200.194181839004
201.136148902588
201.891155851074
203.01385310851
203.814076670213
205.50096162362
206.412519553211
207.322056889068
208.330746481661
209.321801175596
209.793646170758
211.674966784893
212.339072521776
212.995804403909
214.169795629336
215.635066434043
216.135177233955
216.956815994345
217.990641073789
219.092207722133
220.441124821315
220.941259578336
221.737766943173
223.093866875162
224.564114684239
225.227125881705
226.619908802211
227.510493356269
228.646092864685
229.061352482298
230.067260175245
231.461773403455
231.761412127875
233.36072725011
234.265321208164
235.527869322803
235.997640103335
237.3936044476
237.883100545267
239.537764543202
239.705840004608
240.729790498503
242.024534386117
242.896614531521
244.458792070858
244.924803378526
245.792312096106
