0.234150766860694
1.92584529193118
2.41116840811446
3.53157943091355
4.45813661091961
5.72954980982468
6.02629577857442
7.93136211228557
8.22206572326832
9.44249318563379
10.0828998871148
11.7450001365505
12.5097480525728
13.5043012672104
14.5544462255202
15.6352592436597
16.8401973277796
17.2335119312629
18.6799786272459
19.0854281056672
20.6373869511299
21.5989641654305
22.1970514422283
23.0642031980678
24.7954312465154
25.6283365441486
26.885966471862
27.6790327969939
28.6409671357833
29.9773122956976
30.3411007535178
31.7856653667986
32.4495764756575
33.2869046528358
34.2278169509955
35.8439581228886
36.2990122940391
37.1975986885373
38.5414003531914
39.3575949380174
40.3974361200817
41.836044826312
42.9292828328907
43.7676952835172
44.1223494200967
45.770581003977
46.3549498431385
47.124159634579
48.0005355358589
49.5022780760191
50.9619462871924
51.1106467938516
52.9832107799593
53.6718615051359
54.5828360461164
55.2167416899465
56.0435232147574
57.1046177991666
58.9987371836323
59.0538431431632
60.7926091244444
61.8629095063079
62.0114109418355
63.2051720556337
64.8968076533638
65.4207445434295
66.0174631436821
67.3407242707908
68.5981376382988
69.5431756190956
70.5537198437378
71.6837326765526
72.8846102319658
73.1306479789782
74.2624815390445
75.5687600399833
76.699626538204
77.5824000514112
78.9868400208652
79.2693159696646
80.2431053342298
81.9408877096139
82.3484887352679
83.8027752714697
84.0234894049354
85.6348645153921
86.7635600559879
87.3147335560061
88.1644779525232
89.6503853900358
90.9964288724586
91.1632576107513
92.2011972016189
93.4830616193358
94.9052224620245
95.3590410382021
96.1568437807728
97.9882378713228
98.3740723007359
99.2057178169489
100.113536726683
101.528660953045
102.86251844652
103.423888675403
104.022006416228
105.570084642852
106.398415414616
107.049386694329
108.180690325564
109.283881457755
110.655419586692
111.27643589396
112.638209561585
113.921247666469
114.609491254436
115.405475280248
116.587658257689
117.512671982171
118.531935001956
119.188657387858
120.418753583217
121.120372914942
122.887280343566
123.266429213108
124.171582357492
125.273088136455
126.912908541737
127.014955301303
128.254504111595
129.243623421295
130.381205674261
131.492172664497
132.42529118713
133.023033779347
134.177873704117
135.991275563603
136.181714545237
137.052769126371
138.519044529181
139.432995221578
140.719191304641
141.310999470064
142.446233893745
143.770785674686
144.003844602033
145.773358588107
146.656512443442
147.361349615501
148.36843659333
149.299597356934
150.973288085312
151.38444893132
152.975098788738
153.370964995585
154.086554371519
155.640911234077
156.09836996696
157.118207755731
158.134333309019
159.506243691081
160.158158837352
161.425249936292
162.878482614411
163.057996681659
164.413109757705
165.547524695285
166.059023957467
167.34227893874
168.148861374008
169.276928205276
170.276352539891
171.402057494968
172.642368405825
173.29301726725
174.72191013908
175.999196575489
176.080300213769
177.93291967595
178.67070070724
179.287696711486
180.393147904193
181.195252418984
182.180117449025
183.592462788569
184.920276602497
185.688914902741
186.257169440156
187.95612797467
188.735523276497
189.739992959192
190.218813938089
191.860271181911
192.438139060745
193.443725073244
194.196691741468
195.517769403523
196.032898024423
197.182610669872
198.556355513399
199.611059029587
