0.568496091291308
1.99543484020978
2.39602505788207
3.80787881813012
4.69707680447027
5.81530931149609
6.43409357289784
7.05028581200168
8.65806154045276
9.10544856078923
10.6063881574664
11.2265896245372
12.6913311278913
13.3009061405901
14.6184119256213
15.2504212043714
16.2203308469616
17.6267802519724
18.4749684226699
19.2784826213028
20.3692970655393
21.7717688933481
22.4160325375851
23.4295031747315
24.6092805305962
25.9503025461454
26.6519412025809
27.3423750977963
28.8469672549982
29.0184796759859
30.4474606278818
31.6939424423035
32.9147370541468
33.3161095490213
34.0463086448144
35.6011575821321
36.3118006037548
37.3002654621378
38.3478886738885
39.5517007245217
40.296475647483
41.9720942620188
42.6936282450333
43.1575644449331
44.4222722523846
45.2675950964913
46.8371181325056
47.8603101638146
48.2002946357243
49.7829713074025
50.901471395744
51.9287794129923
52.1508446200751
53.4214322981425
54.6645639520139
55.1570049417205
56.0445393833797
57.6541421501897
58.1808716503438
59.8275886401534
60.7542786980048
61.821957021486
62.5608615877572
63.995188246714
64.3517029306386
65.7232847774867
66.4338439044077
67.5139396677259
68.424823039677
69.8803674129304
70.5886349447537
71.0324761904776
72.4459961601533
73.1624629541766
74.8786004590802
75.4923446308821
76.6857283061836
77.8983376328833
78.7706496452447
79.5207829901483
80.9988870092202
81.7988567058928
82.9088095526677
83.9021609388292
84.8928294801153
85.314914343413
86.2179684406146
87.3600949363317
88.1389769660309
89.5825482681394
90.0747812062036
91.8505208482966
92.4055290415417
93.4675927467179
94.3342961824965
95.0499016609974
96.7474841121584
97.0602212583181
98.7864730837755
99.5796980212908
100.272125408985
101.840345623903
102.093449422624
103.434075319907
104.56807242264
105.213988654781
106.868703520158
107.272872292902
108.214652172988
109.427269499982
110.438262476819
111.975970913423
112.409845882328
113.681113325525
114.389814899769
115.407334869029
116.704478240339
117.273723806255
118.693816494197
119.118068051524
120.625296942657
121.309254600201
122.367797254818
123.982721870998
124.434347041184
125.127772988752
126.739583490416
127.963759105653
128.936985984445
129.206897643162
130.296264259843
131.870241580531
132.251657192595
133.912007196806
134.705958429957
135.517862143228
136.086197771598
137.504815888125
138.136281414423
139.338216549717
140.233578203479
141.702507225098
142.197653966025
143.00277035078
144.719149674755
145.341865800554
146.156733610434
147.529068307253
148.036441221368
149.571431898512
150.11221032613
151.889816913288
152.629307826282
153.048051318619
154.399037465686
155.225662218872
156.616398190381
157.793032551184
158.763055337826
159.261413016822
160.021414806135
161.133951386902
162.811793088447
163.853713401826
164.123329670867
165.623542738613
166.286402446218
167.315834694775
168.903875268064
169.302663233364
170.426964469953
171.025750205852
172.556665112032
173.117862712359
174.042466398794
175.287322371034
176.673474751879
177.699033969548
178.455413164804
179.102295839228
180.809664540226
181.150337294908
182.297898001736
183.627951582195
184.47818996408
185.687664950965
186.135656625498
187.91312757344
188.762168401619
189.891073244158
190.232795392862
191.813243241748
192.738242718857
193.322045334848
194.716782225296
195.73930923827
196.916440234752
197.107774615753
198.575707735261
199.310104384786
