0.964393897680566
1.69520729244687
2.83310479624197
3.1535237794742
4.16365692345425
5.42077674623579
6.38033321802504
7.27175834262744
8.18298008455895
9.37154995952733
10.4643855860922
11.7572762775235
12.0806241745595
13.3606616593897
14.2367289231624
15.5616664243862
16.6613443256356
17.6774792394135
18.567930365447
19.5100818534847
20.8372569323983
21.8347863000818
22.0011681378819
23.4318317556754
24.5712034639437
25.7773526862729
26.013392488705
27.029644649243
28.8601079687942
29.2733389961068
30.8202776445542
31.4334109437186
32.1105752133299
33.2802587170154
34.8649926926009
35.4507480009925
36.4500512536615
37.8350050391164
38.7938721354585
39.7812798018567
40.9994857695419
41.3122912712861
42.8775099785998
43.6550942128524
44.621051321039
45.3203719526064
46.7837816798128
47.38930440275
48.8854932913091
49.9326553891879
50.8773840137292
51.0539852832444
52.3476868919097
53.8289620871656
54.7565974164754
55.9273442695849
56.7226758762263
57.1364580963273
58.5456330156885
59.5629839303438
60.0600194053259
61.8574468446895
62.5532868884038
63.7232767357491
64.2849285034463
65.7224647658877
66.1673431885429
67.8135343852919
68.2425176103134
69.4947511409409
70.199786010664
71.0736613185145
72.422202707734
73.6107939875219
74.0354478976224
75.5857790689915
76.7724867649376
77.8051332337782
78.5296599648427
79.8867137255147
80.6411708195228
81.0376049026381
82.9862019224092
83.5131082423031
84.273425348103
85.9436050108634
86.4262018175796
87.228312905645
88.5488434138242
89.5920320779551
90.1179030807689
91.4719534697942
92.6330593430903
93.1983602978289
94.4736226152163
95.5607489158865
96.4236795092002
97.3694827500731
98.278237054823
99.3806371574756
100.216058677761
101.15917891846
102.655613904353
103.936574452324
104.57774938317
105.855129273608
106.394779942231
107.606929925038
108.877145583741
109.669448706554
110.831091652624
111.152764197206
112.089384369319
113.775711022085
114.533107692609
115.407429922139
116.936104180524
117.34127334971
118.681765469024
119.386372409761
120.513389264699
121.466590703465
122.865373834502
123.15300728241
124.837190362858
125.489501127973
126.664585942635
127.56822790578
128.983550180681
129.092546888394
130.032496782951
131.661028711824
132.212591878371
133.948942540446
134.411076304037
135.423272916581
136.352718021022
137.1961911791
138.728822401259
139.636112852255
140.150024144212
141.164781789295
142.881934838835
143.153559122467
144.223689878359
145.852265009657
146.152181719663
147.288539975416
148.126550850924
149.249508366454
150.585101000266
151.525867872871
152.452610800276
153.125299442792
154.120493603637
155.878382307244
156.485676770099
157.208457498811
158.920719698071
159.646921903593
160.507583573693
161.577003590297
162.202873401111
163.415073207114
164.733888814691
165.722066913266
166.255673863692
167.581485023489
168.638830914861
169.259669749532
170.48450152576
171.552308011334
172.329954883317
173.824812515872
174.349791642511
175.924708406674
176.018813609146
177.029226206942
178.145608163206
179.375353254611
180.91424584412
181.30182066164
182.454652128043
183.838426527102
184.061277351575
185.201023647794
186.838345135562
187.268406857038
188.170241708169
189.718418927165
190.803452774184
191.506349553587
192.758591193473
193.833491128869
194.799091451801
195.653443061979
196.990728705889
197.782632443123
198.94888293813
199.717841044301
130.570019404637
131.28517615539
132.627667799592
133.339626014
134.881322772708
135.84614677378
136.936751315603
137.546194366179
138.737675450975
139.238476546248
140.629243742675
141.481348754605
142.09398056916
143.116805263795
144.087426834274
145.063910091529
146.090121303452
147.703958454542
148.540006086696
149.458911554655
150.125767942518
151.177616773406
152.26825482538
153.10689433245
154.082390944008
155.074313787278
156.700468262425
157.181402194547
158.861358256312
159.609829048626
160.655531133525
161.857408732409
162.616354236612
163.346851631068
164.183163241716
165.972021515016
166.083599876845
167.931650799466
168.999068282312
169.742375527974
170.038532043342
171.064920577221
172.402513590874
173.648534195498
174.035475059878
175.054373116465
176.760909071658
177.121231047437
178.044416209217
180.020422979025
180.903457141714
181.074066978414
182.234330430161
183.1497875778
184.733718202915
185.665085094515
186.799642291386
187.861036043614
188.618431497365
189.894199071219
190.46794260107
191.463658643886
192.488706466975
193.171937661013
194.455561087234
195.510078536347
196.584489474539
197.63798048324
198.881195011083
199.79765010695
200.35492507508
201.062733412487
202.660439029569
203.142495774198
204.645522592822
205.37152558472
206.286894793622
208.003418912878
208.579408526653
209.155049109599
210.563048087992
211.177391243167
212.409968913067
213.86699907179
214.261984715937
215.03302207496
216.666750909993
217.800716673955
218.663301327731
219.135876855813
220.889428657014
221.348680059426
222.861815897282
223.589147408959
224.747873653192
225.175694322214
226.302847399376
227.13933772943
228.665082964581
229.606971702073
