0.989652016200125
1.47301733028144
2.78752816095948
3.57249831384979
4.87654864275828
5.12445364613086
6.77487372793257
7.60544111370109
8.39437731052749
9.94939839770086
10.3719797288068
11.0202830736525
12.5905710642692
13.588195753051
14.657878828235
15.7042120189872
16.4025757161435
17.9602963051293
18.3043107886333
19.5253859029617
20.8376631562132
21.7487171678804
22.6068898467347
23.1677201460116
24.0243934746832
25.6200490980409
26.8711084749084
27.6560617294163
28.400988687994
29.2009942489676
30.8012502810452
31.9550988071132
32.6676439996809
33.6536724064499
34.1108922825661
35.5170531221665
36.4050440709107
37.1904639010318
38.9208097693045
39.6954063361045
40.2992419872899
41.7256542448886
42.9423006335273
43.7777993045747
44.8895664403681
45.5362046256196
46.3687195309903
47.6427100438159
48.739790748572
49.2412567939609
50.472499831114
51.3255797545426
52.622229362838
53.8534036292695
54.1091130524874
55.7550659854896
56.558753429912
57.4368548097555
58.1374101117253
59.0518548479304
60.5850126363803
61.5792690038215
62.0676560117863
63.0671663151588
64.7639056935441
65.095248115249
66.2815365158021
67.1722855332773
68.0673151006922
69.9210841208696
70.92430162034
71.7954844378401
72.1796294220258
73.8851273481268
74.3328578784131
75.9541517540347
76.8050002006348
77.0619920180179
78.6731781545095
79.4997587245889
80.5369694433175
81.1599466854241
82.5385106657632
83.717138194479
84.7971426500008
85.7069911928847
86.1110045481473
87.0838078591041
88.9004171886481
89.1813069484197
90.1456569549628
91.0435404959135
92.0349184230436
93.046609103214
94.0415780399926
95.5063104464207
96.1545518292114
97.0503163849935
98.4309752085246
99.5097489554901
100.486400112743
101.635929235956
102.684182260418
103.642546228133
104.635381742613
105.226453590672
106.165003421716
107.430212893523
108.605214753188
109.111441835761
110.767446725862
111.952210288029
112.304640550865
113.812257206067
114.081482196692
115.964743313612
116.715662018163
117.336412873818
118.109463837696
119.405264116591
120.123594625387
121.92630647053
122.914041336626
123.287524243817
124.417422981467
125.006191141205
126.412947787438
127.816723931581
128.328114220873
129.634884004015
130.44774008356
131.570194235072
132.820506255608
133.81093670032
134.182813814376
135.656529209111
136.411203442374
137.200092923595
138.930173293455
139.115789514966
140.131696509896
141.2906648973
142.318127047503
143.214401714969
144.266239087796
145.722686162917
146.405168265337
147.441786989802
148.100898834178
149.706137398491
150.943405746482
151.080141862156
152.323122678557
153.365723713767
154.261737231165
155.851449899608
156.418238994665
157.204547784058
158.517154155765
159.861052697757
160.339849481825
161.649061491247
162.81882634107
163.214169593295
164.782489537494
165.19693479035
166.534175848588
167.834698692663
168.327278960496
169.496713147731
170.495152818738
171.567332539009
172.515295211226
173.712649979396
174.471612097695
175.288762119133
176.495187444612
177.964471832849
178.610183032695
179.65938265482
180.483038637089
181.875379585661
182.707836226327
183.504339913139
184.683017147006
185.392949034926
186.421605847776
187.29696978908
188.946038311115
189.469045212492
190.484163354384
191.731531807687
192.188064753776
193.234199449653
194.892073243158
195.205899235094
196.006572357146
197.759459365159
198.58006714005
199.59859795915
