0.107519776793197
1.20569155691192
2.24445159756579
3.99096909537911
4.95672898436897
5.59590676473454
6.52993571269326
7.16030203201808
8.76013553957455
9.78968898905441
10.9100624362472
11.1255746004172
12.4275990079623
13.3286279286258
14.8851706020068
15.9695744013879
16.8541955077089
17.2032082010992
18.0426991726272
19.2483653612435
20.1632798949722
21.9248374903109
22.6766163096763
23.3605115567334
24.4515824958216
25.975657523144
26.520786074223
27.1380871883593
28.5502533281688
29.9970933790319
30.823092703009
31.8410051085521
32.5722522698343
33.6955042381305
34.4516841385048
35.8163978757802
36.8362018933985
37.0117310069036
38.8691151109524
39.5414680729154
40.6102384692058
41.4674002239481
42.1519824885763
43.7211609790102
44.5419809743762
45.2565865786746
46.518932283856
47.1609258283861
48.4785847959574
49.8842398098204
50.456546951551
51.5482043721713
52.2010387312621
53.5367215571459
54.33479111013
55.9666373135988
56.630775769474
57.8139013822656
58.3064676024951
59.4823313185479
60.2469332392793
61.5731416393537
62.4650310857687
63.0145962873939
64.6277234149165
65.3447676240467
66.5072985219304
67.5664557451382
68.6124998438172
69.4974970512558
70.8880566176958
71.5480532459915
72.0619461124297
73.1881372015923
74.9224132944364
75.6754267322831
76.9556094843429
77.2809041894507
78.577005854575
79.520483375527
80.174114166759
81.2811395560857
82.4469019547105
83.9133591153659
84.5543147248682
85.4321587139275
86.4636130973231
87.0774005085696
88.0381982971448
89.1808468298987
90.4967228891328
91.661135739414
92.7324309833348
93.5358666337561
94.6775033648591
95.5143346609548
96.1913111137692
97.7727895888966
98.9212539228611
99.9194970561657
100.549001912354
101.531831040513
102.782816881081
103.48203880107
104.664056165377
105.142030637711
106.367575041251
107.107033038279
108.983745414298
109.775434283307
110.90956387436
111.858663904481
112.937845324399
113.126951630227
114.69462888292
115.200122815091
116.684957933147
117.484879204538
118.338069743477
119.441849331139
120.42568438733
121.996036597062
122.322103507817
123.961151927011
124.526500659529
125.097120078513
126.210434906883
127.765560828149
128.493931450881
129.496957345633
130.871532379882
131.782385221915
132.507520347135
133.411769298371
134.143168066395
135.125139104901
136.336115646176
137.129901687847
138.845259594964
139.865177879576
140.615463201655
141.137932962039
142.213904321194
143.099426051602
144.467809516471
145.609305501683
146.626051247353
147.234965176554
148.803964765044
149.356832857942
150.122777253157
151.900840149494
152.376562240068
153.63796258159
154.499625228811
155.639089636505
156.889292619191
157.245146066183
158.552677926142
159.920593590243
160.613998939982
161.011203160742
162.475949153537
163.50902803801
164.109442282468
165.786586617818
166.914685190888
167.056299118325
168.731925047468
169.619534622645
170.248901081271
171.872113212012
172.176736075897
173.070134827401
174.3951774335
175.428644135129
176.855060081696
177.925838561263
178.921501037199
179.11375093786
180.233594238991
181.461044461932
182.680951949907
183.175392679404
184.477007838897
185.131684148218
186.866589604877
187.181729764445
188.335193009814
189.270104889292
190.073272748385
191.920193235623
192.928735536756
193.985465259524
194.971231968608
195.480823083315
196.014120057225
197.404410296818
198.746030892013
199.745511510409
