0.993647741153836
1.11360941361636
2.85476145986468
3.09477704530582
4.62013392127119
5.945326335961
6.96724825398996
7.70056978869252
8.46280378242955
9.02124893432483
10.986827760702
11.359850928653
12.585589991184
13.1814034164418
14.4710549821611
15.9915613380726
16.2431673293468
17.1267665859777
18.2384505385999
19.9912612920161
20.5633825871628
21.883879289031
22.6509838660713
23.7046298263595
24.4152642053086
25.5832194383256
26.1756686086301
27.7210752347019
28.9500425893348
29.0453864701558
30.142716891598
31.8854362324346
32.8164121555164
33.7724037650041
34.6517840335146
35.8290116756689
36.1818498601206
37.7810473134741
38.5904328711331
39.0205360341351
40.9029404458124
41.9818747004028
42.2669719103724
43.1101286686026
44.1623478878755
45.5303190746345
46.5568251644727
47.0472603091039
48.45742152608
49.145335436333
50.7518736871425
51.6363843944855
52.9584175113123
53.1477613877505
54.8448896640912
55.0389145207591
56.3768183051143
57.49051062949
58.233339498518
59.9322145152837
60.9088913158048
61.7214804301038
62.7093069858383
63.31385460007
64.2274549095891
65.7872806414962
66.5786311964039
67.1138273570687
68.7016203305684
69.2664821478538
70.4359857644886
71.9221056876704
72.1684074548539
73.8599104622845
74.3654997386038
75.7146706106141
76.7037025666796
77.0330230700783
78.3151271217503
79.0365337161347
80.7710658048745
81.9398050645832
82.4428791482933
83.7740167290904
84.1374431403819
85.7538081437815
86.6262432232033
87.041511108866
88.2907593192067
89.8934293764178
90.6078637915198
91.2738984087482
92.0107131667901
93.6375568651129
94.9946238878183
95.9651934234425
96.4730904542375
97.4070114050992
98.0242087000515
99.0336504571605
100.75961871352
101.777761118719
102.878030376043
103.176191002596
104.052908600308
105.035637524212
106.086780254263
107.405258639716
108.873621100793
109.382676834241
110.685001252685
111.101238100091
112.412670215359
113.111859282479
114.750825983705
115.350511102472
116.583234119462
117.268949264428
118.486858572345
119.044947844697
120.929466630099
121.767268521478
122.437334696762
123.812358560041
124.372326801065
125.288132115267
126.643771304749
127.541410420788
128.902875888161
129.303300188156
130.132865014253
131.42361191567
132.894653215539
133.350145670353
134.394533764804
135.848673812812
136.179966025054
137.792925458401
138.333604463143
139.387378766201
140.765015176265
141.227871685755
142.931196231395
143.711150653427
144.836108340183
145.335568402661
146.606614169665
147.590228481451
148.014794968301
149.2500658934
150.352917984594
151.064070426626
152.852389692562
153.031872818479
154.250168106519
155.854543563211
156.443674847949
157.964190655155
158.643809870118
159.712737548864
160.063122607069
161.572382969083
162.35485942266
163.170697123278
164.152276539942
165.541652242886
166.234091984574
167.260676978389
168.892328933813
169.174680720782
170.845486342441
171.863196440274
172.889305481454
173.755382565316
174.482954971725
175.13469635509
176.571112815291
177.997740964871
178.361155188875
179.650600878755
180.938634605613
181.552973348415
182.646181338467
183.645669122925
184.646014558384
185.999568263767
186.983990786131
187.132221600274
188.770585983293
189.76895312313
190.544271908933
191.017545644427
192.174784454051
193.533341518138
194.220514280023
195.834461970022
196.612217125017
197.848533106968
198.149499783525
199.089255086146
