0.0500723656732589
1.99878956819884
2.32347874343395
3.29423325741664
4.76329078362323
5.79858247004449
6.69146367674693
7.14558461122215
8.31418208614923
9.01207428704947
10.2877211924642
11.2006991526578
12.0090099682566
13.4835775091778
14.2920175837353
15.2898033456877
16.6692918918561
17.4549832802732
18.5556760074105
19.5351696077269
20.8589826559182
21.679984457558
22.395843594335
23.609080148628
24.8916244497523
25.4279435314238
26.1574493027292
27.8062995208893
28.0536449372303
29.2924501139205
30.5373052782379
31.4039452595171
32.1156841341872
33.7012665553484
34.5905057443306
35.1010512516368
36.605087894015
37.9899356749374
38.6331940437667
39.7623963714577
40.6122295062523
41.9881337818224
42.459128864808
43.4816313600168
44.2109244370367
45.5749864182435
46.1631879801862
47.4384491369128
48.140312174568
49.586452677846
50.3571757660247
51.4961251348723
52.3616830168758
53.7546021468006
54.7306962881703
55.3334833185654
56.1971713530365
57.7396285166033
58.733319621766
59.2877661036327
60.0862393542193
61.4347688336857
62.5194965009578
63.8914132975042
64.2062355687376
65.0443082633428
66.6263331710361
67.0415880212095
68.1727945245802
69.0644015271682
70.4282282914501
71.5604216547217
72.4910187942442
73.6828262605704
74.0281478464603
75.3694185528439
76.6507771452889
77.7205992871895
78.5731274504215
79.7766494099051
80.1915348542389
81.2261662329547
82.7705683766399
83.0263190884143
84.2649396087509
85.4908850293141
86.6796534729656
87.6503239236772
88.8855773825198
89.8030065887142
90.2974243739154
91.8016034471802
92.0977596384473
93.8510458962992
94.9452411197126
95.9056139013264
96.6179027170874
97.945197253488
98.7623440909665
99.1843694676645
100.323278288823
101.460612826515
102.94115559943
103.548488433706
104.638027221663
105.113582968246
106.47078590747
107.37508969917
108.095490006031
109.561651136028
110.184609280434
111.540906192269
112.964514009887
113.253911360167
114.695376343094
115.651350452099
116.094046645099
117.194677836727
118.989022948081
119.355097772088
120.78099322319
121.386517167091
122.736967235338
123.473336353432
124.634741196409
125.681486669695
126.185893149115
127.859075937653
128.909570295596
129.213622174924
130.64016381884
131.644942177692
132.966330531985
133.553948195186
134.845097601414
135.61025423347
136.676888515707
137.209206606261
138.347482729238
139.143104963005
140.914719873108
141.533872562693
142.315663078334
143.481126507511
144.489764849422
145.107048996026
146.369766980642
147.513105218764
148.492568529444
149.853234854527
150.048660419183
151.58756944933
152.579492645105
153.955748379463
154.397290722001
155.823628942715
156.108912970172
157.581487533171
158.583039265824
159.840296586277
160.758474676171
161.965538214892
162.522147983778
163.551749481354
164.462370653637
165.3799503888
166.836640109774
167.877381181577
168.354652285343
169.20087495097
170.027906077448
171.477575542871
172.392997455318
173.762044159463
174.885117964353
175.243973564822
176.803894440643
177.406866941601
178.606806927593
179.140334602678
180.137733646901
181.500323740067
182.257087921258
183.797440620838
184.306813564384
185.064123043325
186.198520068778
187.311575760599
188.532540083863
189.632217625389
190.311080764513
191.531935818726
192.355124295922
193.503311485983
194.408212332288
195.347174824448
196.105464931345
197.439799955813
198.731767071644
199.12745997007
