0.711980950785801
1.00821434450336
2.28902300307527
3.9521591544617
4.99688204587437
5.63050640095025
6.06773021793924
7.70096880709752
8.13650364335626
9.91936876135878
10.1664547768887
11.7465636613779
12.9791624455247
13.8613542704843
14.9681616288144
15.8603011064697
16.4219712202903
17.9165436010808
18.7894504913129
19.1142157861032
20.0865955506451
21.5160344059113
22.6883916645311
23.5583456382155
24.4580377668608
25.2457177804317
26.4743685382418
27.3058054533321
28.6604085422587
29.4846478071995
30.7649475811049
31.8775134638418
32.7014017158654
33.4392940560356
34.9394902263302
35.0188925587572
36.0648407016415
37.9756793868728
38.3517206932884
39.5850774059072
40.5319182993844
41.7286613043398
42.9658635689411
43.5321584690828
44.6769901907537
45.6747174959164
46.8690769383684
47.095256784698
48.3051181430928
49.576862054877
50.5109800740611
51.8040756187402
52.0783941629343
53.6951958069112
54.3186060504522
55.6368823063094
56.3190046651289
57.3653764086775
58.7280486423988
59.3911811402068
60.8898058403283
61.4051489343401
62.6826972204726
63.4995842208154
64.8765551517718
65.3594315545633
66.4413298680447
67.4198154944461
68.4708060596604
69.7380256254692
70.728095141938
71.3880634058733
72.5261360360309
73.2002615544479
74.4716460197233
75.0815829560161
76.8530178130604
77.8336638140026
78.0870400504209
79.2025632676668
80.4127401651349
81.6119210328907
82.8360056146048
83.9457395146601
84.8560642746743
85.9634663183242
86.8770663309842
87.2904167543165
88.0201724800281
89.299017211888
90.5094830759335
91.8732799247373
92.3137048927601
93.0198314271402
94.0686682283413
95.9523267738987
96.2345127980225
97.0598303214647
98.0684348612558
99.6598943730351
100.211115108337
101.968289771583
102.089321574895
103.57277578325
104.548468213528
105.28049095138
106.377957654884
107.670207057148
108.311368974159
109.196615104098
110.608200908406
111.219830637798
112.553738478338
113.911920417799
114.528977086535
115.925269816769
116.731952478644
117.29939969955
118.492590126581
119.241035041632
120.50303650205
121.2553225765
122.928175676381
123.490202456014
124.328217724338
125.351505390834
126.841486914083
127.741352340905
128.846717647975
129.539296533447
130.577869820641
131.463743814966
132.229382745689
133.079578802222
134.570100438548
135.392837173073
136.026521779131
137.591312228236
138.001654621679
139.960452038096
140.384523681831
141.629791114945
142.962856711354
143.848167078802
144.502281479072
145.473096510861
146.698319161776
147.959083268419
148.828835768159
149.330826019868
150.612257203553
151.531618734356
152.236440441338
153.143528799061
154.089497521054
155.365658350755
156.520649419632
157.971530754352
158.447498964379
159.449150299653
160.89011443546
161.172480920563
162.314000434009
163.388687056256
164.418482627952
165.90533747524
166.683170103002
167.407435018802
168.76256852597
169.830209053587
170.767966360087
171.374203217681
172.62761672237
173.106220482849
174.834253386129
175.646608329145
176.202150448924
177.782911061309
178.488840461941
179.990453743143
180.684565220959
181.005372319603
182.080622412264
183.792482965626
184.016663462622
185.127893301193
186.731539821019
187.940596558852
188.698489762144
189.211711786455
190.715068400139
191.328405389329
192.69342459878
193.574842381058
194.695613887161
195.154268047307
196.021704579936
197.018226531101
198.843673490221
199.653837393504
129.120328109246
130.336873202352
131.245342250681
132.429011381231
132.92678915686
134.136573592434
135.65361554455
136.447507257806
136.882733863546
138.72116210917
139.76603849628
140.802104199538
141.129033324542
142.457579748007
143.529708987568
144.749224887462
145.461897653295
146.680637216195
147.516458011698
148.242361039156
149.740951498039
150.519085817272
151.786385432817
152.747257139068
153.501709727338
153.9277400719
155.799047396984
156.241445003543
157.545685870806
158.08191217226
159.820863800589
160.141596951755
161.180576404789
162.463380372617
163.395288025262
163.866750503425
165.046358277556
165.917610534932
167.223001347622
167.937991274288
169.203282944858
169.87213737308
170.894936082419
172.299922662554
173.039499838604
174.680635538651
175.317439307924
176.200256526703
177.289805790177
178.515146643622
179.687254996737
180.365468023811
181.331761957845
182.376390399644
182.997523592785
184.531596303685
185.025710806483
186.733987433137
186.948247440392
188.204353785375
189.057365372777
189.872621568386
191.331745870644
192.295912364032
192.941976386355
194.436407586327
195.489119334845
196.52757799509
197.26735634706
197.864001212176
199.479606718523
200.839646929177
201.600168811157
202.058734741528
203.037572693545
204.279985738685
205.653756855754
206.514827815583
207.046403831104
208.782889446476
209.774399433751
210.817764605628
211.363553471165
212.224530403735
213.658044343116
214.268841213081
215.311052619945
215.878179523163
217.147806476336
218.372544966405
219.235965458211
220.036846190924
221.23433920485
222.620162643259
223.472724085907
224.4433394894
224.862073381199
226.131337080617
227.179098242894
228.79177518608
