0.999042221577838
1.82322957133874
2.39099922566675
3.53671063203365
4.96094362577423
5.35624889540486
6.80093351309188
7.48983288533054
8.59562091599219
9.26281635626219
10.6296405391768
11.4234037059359
12.9630359825678
13.2748700738885
14.7052617573645
15.7103494680487
16.6805839000735
17.0742241670378
18.7542472940404
19.1029022496659
20.6950401861686
21.4802724460606
22.6435677350964
23.7564167089295
24.1916349881794
25.2366716314573
26.9285525109153
27.9638722664677
28.5247420414817
29.3833297451492
30.0889701687265
31.891678232234
32.0575110621285
33.8374695514794
34.8272274532355
35.9111499271821
36.00248368131
37.9501645530108
38.1409804010764
39.165624913061
40.0323710951488
41.6561748348176
42.6084875760134
43.3549922623206
44.6252109906636
45.89802683983
46.8981532419566
47.4977915249765
48.7928358688951
49.2485664866399
50.7756511936896
51.5081766729709
52.0733525885735
53.4567657276057
54.1908310351428
55.6904415965546
56.8061779213604
57.6520293273497
58.1077732897829
59.7409459538758
60.7890405040234
61.2038246097509
62.8325281019788
63.6860407991335
64.2725851989817
65.2721296062227
66.1403831564821
67.3910346024204
68.7316288731527
69.5402242143173
70.6117622423917
71.2505216603167
72.2796381302178
73.3948620748706
74.9696142096072
75.9777550171129
76.1335149731021
77.0475840498693
78.2927290336229
79.685172611149
80.7859020398464
81.9485028679483
82.3526036750991
83.1961475983262
84.4417100781575
85.0522418457549
86.7652720694896
87.2363826979417
88.5075793000869
89.082885223208
90.0360988406464
91.2255154601298
92.9352110123727
93.2002185815945
94.7811125523876
95.3643764771987
96.0198125997558
97.4916900796816
98.4096987498924
99.3254576132167
100.251281476812
101.280482838163
102.855659643188
103.710757155437
104.534325634595
105.021237890469
106.228756386787
107.058332505636
108.001678170869
109.898965953849
110.704657862429
111.377020164393
112.833149724174
113.943233373342
114.503911768086
115.25923343352
116.624891867861
117.020202939631
118.847750591813
119.273126702989
120.126380803529
121.8984635456
122.272522624815
123.963536479278
124.862448564265
125.087227693759
126.278987819096
127.390881515108
128.541040754644
129.685641262215
130.036626418587
131.917056183564
132.699596887454
133.287140671397
134.099108423805
135.064746429445
136.848597375443
137.588733103825
138.384111985331
139.002426723484
140.333207710646
141.798710820964
142.857951501617
143.594128345838
144.729140914744
145.23617254477
146.358388689812
147.234021643875
148.524368219078
149.963857853785
150.27992164297
151.266318550799
152.087488084333
153.716275660554
154.357450667303
155.069054203341
156.920283224201
157.132907638093
158.194818958174
159.478550543543
160.444521983154
161.619645927101
162.05487862532
163.171839827206
164.789104092866
165.296052993275
166.125961123733
167.588704614667
168.674511917867
169.122737782076
170.814712700201
171.968719925266
172.715866929153
173.962202640017
174.4864442416
175.163404575316
176.071570157306
177.597087372327
178.200754656689
179.449744034791
180.167053969577
181.591912389267
182.386878571473
183.122817861382
184.753203396918
185.766391932499
186.915721144294
187.603794920258
188.428962786216
189.879225210752
190.427265028469
191.242860081838
192.243400966749
193.17787250015
194.630980747286
195.851295858389
196.484515018761
197.680320126237
198.212804981507
199.137476351811
113.789066847647
114.092423611088
114.989493043162
116.188625140116
116.848789182957
118.571566366125
119.548368922435
120.209937038831
120.960368170403
121.888921380276
123.669898309046
124.59410585044
125.034786474425
125.871558889281
126.870794488583
127.961790547939
129.039645693731
130.141735467128
131.338988673408
132.127579970984
133.238569466164
134.745047525503
135.235051773489
136.051196017768
136.921474126168
138.518852921901
139.574720575009
140.524011230329
141.752849451732
142.803132981295
143.199564621784
144.248867351329
145.241846617311
146.150824988959
147.393310171552
148.569862319389
149.205144408392
150.569642840885
150.915816745022
152.226818870753
152.906880639493
153.837865315843
155.789469212294
155.931478066137
157.055113340262
158.796349450946
159.107499440201
160.625428195577
161.543121784925
162.513347457163
162.922331860056
164.47956558154
164.986950449878
165.979599561542
167.251578025753
168.348774680635
169.643571368419
170.655065575149
171.770318655996
172.554214850767
173.055834958563
174.683405018644
175.477732330794
176.774310526671
176.914328350453
178.818835197249
178.958850572119
180.703299841145
181.084875957109
182.031203741208
183.76518298476
184.681477176026
185.415437686956
186.791527479189
187.71729368181
188.051743761403
189.188619801775
190.291607917054
191.062444324372
192.006687352899
193.606785213342
194.666634707479
195.605366481002
196.768262419617
196.841772338375
198.114453664748
199.564108991763
200.812789027579
201.635095144855
201.938472376205
202.872012953041
203.889164827997
205.269054007484
205.952736600069
207.703775434289
208.271376210963
209.473703387892
209.872969396645
211.438724699896
212.309109718073
