0.317313525592908
1.45387388207018
2.5866427756846
3.02128922613338
4.06415218906477
5.70524659589864
6.64709888328798
7.7303966388572
8.42412748001516
9.04452576185577
10.2805413366295
11.4358958085068
12.4865515988786
13.5460976406466
14.6552451176103
15.5874011809938
16.1954735026229
17.2624573388603
18.6343650005292
19.5555806697812
20.6819285000674
21.8917752115522
22.2018173355609
23.7596477561165
24.6359335421585
25.1367597714998
26.5580664444715
27.8231230853125
28.4962066961452
29.4939889279194
30.8229189696722
31.3743112208322
32.4937761090696
33.6760474725161
34.1319517537486
35.4943812580314
36.4754059591796
37.4460179517046
38.9147813690361
39.4051933963783
40.8117191584315
41.6871456133667
42.4272566786967
43.3298076558858
44.5241264917422
45.2611775079276
46.0358451469801
47.0060006859712
48.9481467241421
49.582660555141
50.0233539291658
51.5932208201848
52.2919874521904
53.0567731051706
54.7363321620505
55.9393629522528
56.6581263574772
57.3800194170326
58.5508407845628
59.9166811727919
60.8704243989196
61.0457945677917
62.726650680881
63.8950812167022
64.2497419985011
65.9432988108601
66.4845364133362
67.9130628125276
68.5204447268043
69.7269125834573
70.578874866711
71.3893613917753
72.878341633128
73.6451442700345
74.1532686676364
75.0512278778479
76.9106689963955
77.4027481598314
78.5906206315849
79.0053505087271
80.5494208557066
81.701575248735
82.1729360760655
83.6636342084967
84.3694521996658
85.212534443941
86.6521125426516
87.801641237922
88.6905460446142
89.2805047973525
90.6818833074067
91.1426000115462
92.8459765643347
93.8586222010199
94.4832741913851
95.5953427697532
96.7498623169959
97.7310876678675
98.6006136680953
99.3558271140791
100.179074170301
101.013561212691
102.716385461157
103.534236704698
104.582833978347
105.655624487437
106.882040263852
107.947473024251
108.793147583259
109.578391195508
110.590899417643
111.598797713406
112.239461462945
113.186852826504
114.411675237585
115.055088452064
116.611719323089
117.057045941707
118.517493927618
119.621127400547
120.188649208983
121.261897133198
122.626567272004
123.850814031204
124.856216923101
125.353879623348
126.517924025888
127.467629054794
128.397253463045
129.628751715645
130.356043707812
131.971843141131
132.540223043645
133.773063102504
134.831498397747
135.688060486689
136.366438398603
137.10776314605
138.382484658388
139.21614497574
140.314369877335
141.394518637098
142.750530024525
143.100068297703
144.8083195691
145.172732630046
146.978576152353
147.908574857051
148.676338017685
149.180922697997
150.677448566305
151.735247173579
152.078400385333
153.989654303528
154.253652809421
155.886827904498
156.665179244941
157.453228482977
158.582510668086
159.891135711921
160.173313018866
161.116306432756
162.992162483977
163.443028885173
164.896411468508
165.361380951479
166.281235823873
167.181483749067
168.887481923681
169.083477934357
170.010471650399
171.736324375728
172.79163045343
173.707993448479
174.322530072881
175.700326489517
176.667509733932
177.794622099726
178.502929604379
179.913586965762
180.119561425876
181.470104492502
182.978833350819
183.456818237435
184.56550701987
185.562309649773
186.571403945563
187.923687572591
188.754823712632
189.92313166149
190.238013729453
191.015331153525
192.676688332111
193.555927189533
194.23659598548
195.700483642751
196.140477040317
197.543305175612
198.471761278342
199.820638627745
148.756041414803
150.135538678849
151.66537768743
152.068647842156
153.527236035094
154.427294723457
154.924875281518
156.241108508548
156.96078455518
158.273643032182
159.617440373637
160.348153681029
161.497457606485
161.974863653071
163.292440331075
164.581360272598
165.587819355307
166.575178024825
167.222867294913
168.057194031309
169.239659783663
170.50885335193
171.042341590161
171.719522903673
172.720482287463
174.521776637761
175.237571095349
176.009090500651
176.963979012333
177.83021495305
179.326249180362
180.426388264634
180.790932130301
182.487918027211
183.622425977141
184.360641164938
185.371576617472
185.745881699491
186.683052531676
187.739243875723
189.369458912872
190.087993548717
191.389669229276
192.614430682734
192.933057330083
194.066098029958
195.581707496429
196.627520940267
197.379097915487
197.791305244202
199.355586987222
200.471585741499
201.257976875408
202.157869501738
203.445817498257
204.279506363673
205.182795373024
206.452061327174
207.245086567942
208.394021305488
208.865432056831
210.211122013396
210.987597151892
211.942151278257
212.901438628556
213.693158613751
214.760043869959
216.18070371286
217.469886458479
218.359000999015
218.960553363198
220.273147830507
220.864284318406
221.781995586585
223.643603039207
224.109008235158
225.587061658967
226.483752909349
226.883543878095
228.409378998913
229.639463983011
229.898771706736
231.076610002201
232.11821205751
232.717294242233
234.455930287484
235.628144492628
236.0047552092
236.815830709646
238.640732031083
239.185818956932
239.969138191547
241.544997720281
242.150149583118
243.075857393676
244.087033074349
245.50208342867
246.054038877366
246.985358576989
248.218046763446
