0.755155832506716
1.87000451283529
2.36230651964433
3.51574095897377
4.90658009424806
5.09903869125992
6.61834683432244
7.80925666796975
8.27825188240968
9.89321630215272
10.0228326807264
11.0605132181663
12.0743312914856
13.5433956615161
14.2379545383155
15.7791154866572
16.5545467045158
17.5997010075953
18.007860183483
19.8801672549453
20.9938152336981
21.7856611479074
22.8631339191925
23.2329524951056
24.4935825872235
25.2636294709519
26.4082161183469
27.999971013749
28.206822676817
29.4422765988857
30.8706373453606
31.2523411111906
32.0434064804576
33.9162578112446
34.0607074701693
35.9960850800853
36.6900558588095
37.825975240441
38.3431660498027
39.7394771452527
40.0532336111646
41.4930663050618
42.0026647895575
43.9699399012607
44.5185609692708
45.3487155691255
46.9317260473035
47.8415276452433
48.5836115493439
49.3768177120946
50.2900769826956
51.2940761346836
52.8473740052432
53.7956143694464
54.4042029150296
55.9633811358362
56.9692956823856
57.34070724505
58.6110538679641
59.0247794289608
60.5837059884798
61.6361165158451
62.4998419142794
63.102333341958
64.5536786408629
65.9352328008972
66.0413345217239
67.3642250827979
68.143812633818
69.3388443083968
70.8302385201678
71.063291923143
72.0014868818689
73.1254871957935
74.4991423597094
75.26507764915
76.0483016027138
77.026119928807
78.383326588897
79.9954398281407
80.8894719262607
81.6442164401524
82.6296540035401
83.6388571159914
84.6228994629346
85.2376409589779
86.9621379629243
87.766489651287
88.70110903983
89.7625592288096
90.1582336630672
91.9378233286552
92.6483685232233
93.9161475806031
94.9806086134631
95.5162976426072
96.2969966179226
97.9372302526608
98.04810900148
99.4320975788869
100.963582982076
101.887940693181
102.655430567916
103.895382877905
104.908239183715
105.636187899392
106.156013541855
107.694651289145
108.807599803898
109.347030755831
110.143113366095
111.121782039991
112.95771162631
113.664710224606
114.83618670376
115.052936210763
116.141470855568
117.653246326605
118.915181553224
119.285424163099
120.233525343938
121.127818304114
122.780707952566
123.134490837809
124.006201202516
125.371278646169
126.169106803602
127.7018131488
128.887348576682
129.802553015295
130.582653603284
131.244253891753
132.090389280813
133.511865715496
134.712095565395
135.50791388005
136.050712359371
137.533872395754
138.231870492687
139.507206432056
140.424005510518
141.462322147097
142.481169984909
143.961407826282
144.773250148166
145.370231028413
146.671401093015
147.201155110961
148.738539209357
149.003336394439
150.946730325464
151.906052560546
152.48400223814
153.354999446077
154.558901481098
155.022157219471
156.322867115727
157.485804528696
158.904199379496
159.642934014089
160.425678944448
161.48204635107
162.645341918804
163.129621299915
164.76622637012
165.280946923885
166.599428334041
167.273290865822
168.988345076796
169.80931361462
170.797745423857
171.668574301526
172.005688625388
173.054149982054
174.900863623247
175.735988200875
176.892320650863
177.913347084541
178.077187511139
179.980412899749
180.732852782588
181.305370235117
182.046760755125
183.61583685549
184.545251343865
185.568636473967
186.506362693617
187.925983836874
188.084293958033
189.016635134351
190.163683126681
191.680830721976
192.68102913117
193.140226156684
194.989415051183
195.144934100332
196.223625867162
197.878006594256
198.542957167607
199.173439664999
