0.212344157276675
1.91294678649865
2.21375982672907
3.99278012150899
4.43219400336966
5.25943668326363
6.66037902748212
7.48182908282615
8.11538200126961
9.1989525789395
10.3257330169436
11.6796969857533
12.2646545942407
13.40395140904
14.1333657640498
15.9390310496092
16.2920375224203
17.6395497974008
18.3966934746131
19.5656466907822
20.1406525690109
21.4414591488894
22.7178033685777
23.3062112231273
24.6414334964938
25.0170256078709
26.2786016811151
27.9373823504429
28.0543763404712
29.9240328413434
30.9782405311707
31.4460985125042
32.6002362733707
33.7788652963936
34.3375857616775
35.4645900807809
36.7887132125907
37.0241024335846
38.5867932785768
39.7491347570904
40.7339642846491
41.2430868411902
42.1991198253818
43.1042724833824
44.0654863761738
45.4967076857574
46.5527704767883
47.6524230947252
48.9370403608773
49.8726792847738
50.4821567144245
51.483754937537
52.0660284431651
53.681565743871
54.400609663222
55.540304814931
56.6235159747303
57.8286665792111
58.8726024529897
59.387234936934
60.5817641243339
61.5465606483631
62.7573968102224
63.2258796121459
64.7289276663214
65.0664443427231
66.5024163338821
67.0495035168715
68.8556426332798
69.8273809987586
70.7540207407437
71.986727854237
72.1762954841834
73.1059994690586
74.6223952611908
75.6672732851002
76.4388132491149
77.0564715955406
78.3293352520559
79.1803387040272
80.8215786428191
81.9075269077439
82.8429673328064
83.4626088936348
84.0547297627199
85.0127870405558
86.2817391508725
87.6435119903181
88.407800532179
89.4437342572492
90.0926492386498
91.0272617032751
92.1491796562914
93.2275763121434
94.7982573409099
95.6736446022987
96.9793817133177
97.5625205214601
98.3815337815322
99.448420772329
100.840129806427
101.526768672047
102.339082880178
103.252494854387
104.425371645717
105.769818105735
106.008231649874
107.286990249064
108.837187200319
109.957683475455
110.907831542194
111.810021385783
112.974478992866
113.746376855997
114.653039817465
115.956025090534
116.081994835986
117.287238030927
118.239210549509
119.67540237261
120.373814337887
121.346976014087
122.200890350388
123.804024998564
124.513844054425
125.396116772667
126.657999445917
127.151166700525
128.195485284319
129.341157250106
130.716177037219
131.84272385668
132.977061537327
133.762632139027
134.736323148478
135.333168318495
136.073572843568
137.963824060746
138.872724535642
139.236061779782
140.395587297855
141.416449249489
142.607220026897
143.665756500326
144.378119667294
145.19315824029
146.399861769751
147.092433125479
148.837217062479
149.418499763357
150.044818452094
151.3142498245
152.158043302596
153.064000810497
154.103151902324
155.51270858245
156.243790034438
157.043066592421
158.157740661874
159.601809740998
160.408926272066
161.092589451699
162.16845147009
163.890210156096
164.681925897952
165.53421760397
166.330892588943
167.34154553758
168.428218376823
169.126802648418
170.160310135456
171.505388518795
172.958526681177
173.057045134017
174.533259896329
175.319013868459
176.616432376206
177.310162168229
178.840895517496
179.372426781338
180.610913911369
181.297887580469
182.891456507379
183.404267349746
184.396566109033
185.480094263796
186.351112236036
187.063548234059
188.65565665625
189.719494896242
190.59916891763
191.215269484324
192.334733197698
193.660346643999
194.246048599249
195.561496676877
196.703750641784
197.132865872467
198.11189027247
199.601301379735
