0.337623402476311
1.54289899975993
2.06268461793661
3.86180046084337
4.60438854433596
5.66802122164518
6.05068486393429
7.27834291988984
8.61675096047111
9.01892181416042
10.0356581192464
11.7902612776961
12.4377345941029
13.8700579029974
14.7760106138885
15.452061973745
16.0495042121038
17.1731944580097
18.3294766366016
19.5084387620445
20.0946304623503
21.8790378025733
22.5736746233888
23.3613433584105
24.4627093186136
25.2752726243343
26.4358189566992
27.8524900118355
28.3464967394248
29.4131623802241
30.4077736679465
31.1772392180283
32.3051616470329
33.2515584395733
34.9368864262942
35.4968528503086
36.836614924483
37.3209069264121
38.2815606112126
39.7039973330684
40.2844336498529
41.8670747000724
42.1591416082811
43.7732433234341
44.9091712688096
45.6683861513156
46.2699952197727
47.6415066942573
48.4793239627033
49.1439269445837
50.521362321917
51.2276459785644
52.5729240719229
53.491238014074
54.3618345032446
55.4029467531946
56.9075873831753
57.7257165249903
58.1337522480171
59.0812993180007
60.5738054274116
61.6044389074668
62.9439300906379
63.5990970046259
64.1178040010855
65.8920704154298
66.6113934051245
67.246696076123
68.9551406728569
69.9271010819357
70.9165385374799
71.3483885801397
72.2871087917592
73.2906617033295
74.6358342221938
75.5997970181052
76.1720863420051
77.0920486005489
78.665819717804
79.7192044442054
80.7824563069735
81.6717288391665
82.0305076537188
83.4952441297937
84.9325314585585
85.1621874039993
86.035313491011
87.2086625406519
88.1297501572408
89.3661092829425
90.0674666240811
91.8930790387094
92.3684217110276
93.5065351903904
94.8373552118428
95.0198344928212
96.7027763379738
97.9632949193474
98.6567140459083
99.5064312438481
100.163130738307
101.662518395577
102.530708102975
103.820872408571
104.042029702105
105.716527649667
106.533515334595
107.360657116864
108.031376092695
109.494473482016
110.068533702055
111.220167761203
112.499926237157
113.035125152906
114.460530939978
115.998939322773
116.185169735458
117.911694841459
118.900767778046
119.494182078633
120.90915038716
121.332775706192
122.794016883476
123.683926732512
124.535068053519
125.802716439823
126.410049596103
127.200337003218
128.209799172357
129.405575040029
130.859419051558
131.577527963324
132.982227016473
133.392920837505
134.906624353724
135.45171198179
136.71920366236
137.340052101761
138.357919875067
139.545604828047
140.819123695139
141.089829389239
142.225331088528
143.979159828043
144.130121799419
145.605014360277
146.979447450954
147.830274138134
148.843192814849
149.847291878657
150.656832271954
151.758602065733
152.187806249131
153.105506497901
154.173544659745
155.168469501892
156.460061511723
157.123250821838
158.474640253466
159.533699395135
160.378402483882
161.138392121531
162.096923743607
163.865559041034
164.703236783389
165.819776692428
166.053655308904
167.75612949254
168.37463992252
169.858983133454
170.282815972576
171.13088645949
172.051235526334
173.615480639972
174.167564383242
175.05218045949
176.315132246818
177.646750213346
178.711614602478
179.144378556404
180.815980782034
181.491090406664
182.683916002978
183.715327039827
184.703892011661
185.589388007065
186.468618615298
187.670394871384
188.930700104916
189.854509091238
190.276905116858
191.922486484982
192.705954371719
193.739647830604
194.259132292354
195.175371694844
196.10355358175
197.978285226505
198.741642662091
199.386522312881
