0.0995739591307938
1.86645559384488
2.61430666223168
3.93532570917159
4.663133115042
5.26834008796141
6.06609366182238
7.68177690845914
8.68432735814713
9.31447708467022
10.3967006076127
11.0124392164871
12.6355365167838
13.7455008178949
14.1592679251917
15.2971255248412
16.7144952912349
17.0926642839331
18.2439213809557
19.2077259917278
20.0098048755899
21.4151030175854
22.5701316893101
23.6703124712221
24.7602469811682
25.9521389082074
26.748464602977
27.7530115342233
28.9608075395226
29.3977287944872
30.7489702743478
31.2589836576954
32.5123640492093
33.7915335069411
34.726344472263
35.1656382249203
36.1756657152437
37.416926384205
38.7990320192184
39.8051581485197
40.7115863861982
41.5079605777282
42.6746784264687
43.8096041665412
44.4242963441648
45.4045627098531
46.0441044736654
47.3589605046436
48.9185818857513
49.3661241380032
50.9655447229743
51.5903918230906
52.6141147848684
53.3353723739274
54.5644116138574
55.8869458991103
56.938689493807
57.3591215070337
58.7375169852749
59.643052500207
60.5936096187215
61.9897815224249
62.7436906376388
63.1712450853083
64.1067554003093
65.2918453516904
66.5003521903418
67.6315939752385
68.1016589258797
69.2512551099062
70.6861005120445
71.7446337311994
72.4487006114796
73.2716609139461
74.8438488629181
75.7714131651446
76.3053117846139
77.4791230766568
78.4421700809617
79.3634825046174
80.9557900514919
81.4240196610335
82.7915233289823
83.9463221861515
84.508898192551
85.9685125220567
86.9712989134714
87.6512729325332
88.4808670897037
89.8090417615604
90.9119833030272
91.4569172933698
92.1700721974485
93.9023425322957
94.101308334386
95.8483060942963
96.8349026425276
97.1996754785068
98.4308865342755
99.9451072909869
100.99034251296
101.772954516578
102.580633795122
103.746318761958
104.249762873165
105.143249817658
106.670442100847
107.356419151649
108.689577083569
109.097022159025
110.90385289304
111.812927200459
112.204367426224
113.765992538305
114.927181363804
115.89743298036
116.688145306194
117.944535616785
118.007445124909
119.102298414567
120.24377247598
121.444266822888
122.876683793729
123.438716244884
124.292591663776
125.216562082758
126.098786117509
127.700020473916
128.188403791981
129.833123583114
130.603122288128
131.726590433856
132.65491577168
133.672586033819
134.382096970687
135.292896480532
136.197402658872
137.379445379833
138.587721191579
139.490281297825
140.038407606538
141.049966103164
142.137194788316
143.680467852391
144.534329140326
145.299487075768
146.989743416896
147.285339159891
148.612060598098
149.877898653504
150.609208277427
151.589643125888
152.048630437814
153.841005661292
154.586106674979
155.077676559566
156.153683413519
157.757933548652
158.149772035656
159.250125169056
160.494426521938
161.079264499713
162.716674043331
163.740866030334
164.153608681867
165.651926748455
166.400901430519
167.916803739499
168.138925893232
169.195744969416
170.571455542697
171.624806625303
172.816823214293
173.672641393263
174.123084696243
175.9131265264
176.805903736735
177.489163526101
178.988609863678
179.803725606762
180.082949872827
181.041401007911
182.442791551119
183.946835437557
184.594114294974
185.253521658247
186.295108196558
187.288587345742
188.71581112151
189.878787524533
190.304572246969
191.712198343361
192.821702251676
193.013804084854
194.070168008795
195.592377566034
196.937028849963
197.984531240072
198.890902587911
199.341951329494
63.0532403527759
64.2499076030217
65.6583732264116
65.8016171252821
66.89547857875
68.123523568036
68.9871651295107
69.9537991974503
71.3132707495242
72.6793589873705
72.797753136605
74.2920664362609
75.2349572556559
76.4898023304995
76.9140992613975
78.2830643081106
79.1123097573873
80.5197222314309
80.9474435981829
81.7810465197545
83.7110239008907
84.4055735517759
85.3936887711752
86.1348226789851
87.5199262455571
87.9356387630105
88.9262819793075
90.0485764988698
91.0017883018591
92.045463151997
93.6429524102714
94.3359484313987
94.8904815749265
96.5257033545058
97.2979501483496
98.666969756363
98.8604351582471
100.065172687639
101.074325003196
102.6603445746
103.202943714801
104.119067428168
105.282107559266
106.435439904919
107.059838746674
107.893122660229
108.890244354028
110.468525125878
111.229106937302
112.654233634938
113.470620181179
114.647106604883
114.997727470705
116.141873224173
117.457441125298
118.66400017729
119.306520615937
120.367153938161
121.39177854755
122.197036001598
123.304904138669
124.094882901758
125.015861499123
125.759810946416
126.864198353374
128.701520875329
129.367476561107
129.930781126255
130.816506790463
131.924936870579
132.747336205095
133.754466816084
134.838137418032
136.656874201726
136.871932097943
138.047638607677
139.541933218017
140.025017637294
141.363428683253
142.467800828861
142.803721198346
144.153600318357
144.889503475046
146.189684482291
147.3247363111
148.636110181455
149.529566620011
150.554521556478
151.028903782601
152.432497914648
152.952413491206
154.318069923436
155.671795383096
156.041341394885
156.798237469979
158.377871540142
159.425217074109
160.233074541902
160.979675200535
162.65407899511
