0.200165787246078
1.71544736018404
2.06451656296849
3.36270801117644
4.58594824210741
5.25924591580406
6.90028558345512
7.16635009227321
8.21873246296309
9.22137295152061
10.4403744442388
11.6319742121268
12.0949427674059
13.7658212131355
14.5562507812865
15.2466335350182
16.5526588275097
17.5281210322864
18.7135103964247
19.8113512366544
20.376383242663
21.9442666950636
22.0937541753519
23.8458266514353
24.9300928458106
25.4839319381863
26.8739365995862
27.5213817136828
28.443420833908
29.0509873651899
30.6350698682945
31.8604718220886
32.4546441049315
33.4217322939076
34.9887986402027
35.6591630331241
36.5817767744884
37.0270062459167
38.1156424868386
39.1480812467635
40.4032055849675
41.0879817958921
42.1895826545078
43.5775534394197
44.7288945289329
45.1835175796878
46.0301974967588
47.0748969463166
48.0535618204158
49.1357321541291
50.6741651475895
51.0502135567367
52.6685918788426
53.5133441230282
54.2069543583784
55.3181881958153
56.6462845301721
57.6701191246975
58.3924001730047
59.5857350262813
60.6159082080703
61.2432793506887
62.6852157106623
63.921070848126
64.3244236898609
65.4726877131034
66.5796393381897
67.9550894722342
68.8534490352031
69.6520305608865
70.0940907851327
71.7628374544438
72.3808523709886
73.3352360553108
74.4331255790312
75.2329333978705
76.1382976956666
77.8543622472789
78.6385471988469
79.0011062396225
80.2563704603817
81.5677577869501
82.9910827942658
83.522716894513
84.0601478298195
85.4931812693831
86.2064549759962
87.5457300832495
88.5120603323448
89.2314892280847
90.7393602391239
91.7215738189407
92.6417245611083
93.5402289894409
94.8347621718422
95.3660423685797
96.213381904643
97.2793635562994
98.4595000154804
99.6711050476879
100.731926702894
101.363026186358
102.877952014562
103.343406848144
104.943944531027
105.687077583978
106.01663045329
107.187767331954
108.833126534009
109.338260282995
110.568114960566
111.649745135568
112.222360695712
113.81874526944
114.804176181555
115.487905291375
116.955976974918
117.046133577358
118.550164077431
119.882156189997
120.728704797104
121.135212427936
122.170066045597
123.828083431814
124.754646255868
125.697830146877
126.441789067583
127.644611496245
128.825655824738
129.654140174156
130.570674865972
131.365424442338
132.696997305378
133.507818728918
134.995335489046
135.074540494243
136.585976416944
137.789428428281
138.399378496688
139.152065625181
140.611762269633
141.809423663188
142.627531821607
143.523296233732
144.804209419759
145.263163649477
146.498236505082
147.502197449096
148.892031998606
149.667400437407
150.821265570121
151.469237312442
152.783203952014
153.153584455838
154.210709330626
155.618211651687
156.249564717524
157.829675036483
158.186934244353
159.280053416966
160.449837589869
161.339467800688
162.281223423313
163.592524868203
164.71659451141
165.512661057059
166.427093988517
167.794957879232
168.297022227431
169.286777959438
170.722746738
171.555843994953
172.614313124912
173.77364568226
174.964182960801
175.448250150075
176.728362157475
177.686724732863
178.38826442603
179.610803380143
180.788955825614
181.836112371879
182.190713191172
183.695651435992
184.879179749405
185.611696818378
186.989512237255
187.563412883785
188.632882847218
189.768815451534
190.773884477559
191.544985043583
192.410263947211
193.823181682965
194.848824489163
195.369320219615
196.147275869269
197.54623336019
198.424890146358
199.761221434921
