0.930390757275745
1.26912729884498
2.67280088667758
3.12722048070282
4.65738854627125
5.5933273374103
6.91362392855808
7.16329117491841
8.19600790739059
9.99631521408446
10.3466817969456
11.0035306783393
12.8673872605432
13.502411135938
14.3962157869246
15.3550887526944
16.6598894144408
17.4259217884392
18.9377931563649
19.3454966535792
20.6876331798267
21.52084847074
22.7096696423832
23.8907171825413
24.4070965223946
25.9991953352001
26.3505513160489
27.0022385986522
28.6970769392792
29.9646880622022
30.7212936091237
31.2632373708766
32.3345562748145
33.5816715639085
34.5818527068477
35.6362249839585
36.29940931499
37.7859044186771
38.2732524403837
39.1037721508183
40.1015379743185
41.8007044412661
42.1826000346337
43.4048768586945
44.0655356368516
45.5620313161053
46.7358654343989
47.2041326884646
48.4820239720866
49.5088592488319
50.2761429145467
51.899773908779
52.8877614256926
53.8443064908497
54.7450186291244
55.3447595385369
56.7690661218949
57.0769219172653
58.1409213549923
59.7832055503968
60.6713963525835
61.9051568030845
62.5730649787001
63.8881537485868
64.2141990826931
65.4385502524674
66.4761215560138
67.6258852919564
68.5514546681661
69.5497723377775
70.7839505181182
71.6570872322191
72.135154197691
73.308886683546
74.6885203034617
75.1838764394633
76.4675477808341
77.5836031187791
78.669396646088
79.9443384462502
80.6303630378097
81.1959702405147
82.5395145427901
83.237264863681
84.252764192177
85.8179406370036
86.1164537537843
87.4383541115094
88.6698515135795
89.3697565535549
90.7022088640369
91.5872103280853
92.2506585437804
93.3831773679703
94.3554184162058
95.8294607677963
96.7435366716236
97.399760637898
98.7520470861346
99.2452982102986
100.064724480966
101.468189520994
102.812133159023
103.764412153512
104.126982125454
105.380169717828
106.689319715369
107.738241900224
108.247611937346
109.739788607927
110.172173547326
111.801383981947
112.535823517013
113.739491636166
114.635235982947
115.344085883349
116.672749445308
117.319453227567
118.04826380196
119.185991162434
120.633963274537
121.817255869508
122.488459491869
123.128748892341
124.918246618705
125.094463899499
126.62913778564
127.921598015819
128.368025233271
129.374987183604
130.696735162288
131.272204808891
132.634882582352
133.102137992857
134.900787685299
135.074609448435
136.953966714209
137.714667963795
138.750421672361
139.059653651435
140.845459701261
141.678521624068
142.239933860023
143.7898128503
144.960286888061
145.619092628825
146.544542984106
147.058369803475
148.896725416882
149.660330956336
150.80898798909
151.778919974342
152.440643344074
153.4133171828
154.121721389936
155.1646910524
156.14929213142
157.554553541588
158.398242936004
159.124673317419
160.580856560264
161.23859343119
162.687371542212
163.93844316341
164.770050747786
165.064921314362
166.465347391088
167.370853549801
168.34390991251
169.068204808515
170.367428032449
171.213093451457
172.71627005795
173.225952619221
174.082631359575
175.881485271035
176.464549947996
177.582881505601
178.324609484524
179.691239316715
180.855142106768
181.087739232928
182.352268423419
183.466165171238
184.923420870909
185.968779815128
186.562563787214
187.058524063556
188.658209413989
189.220694997581
190.14383321628
191.09596406226
192.071298710303
193.31998759415
194.028974284185
195.854300431907
196.250088660978
197.596463363618
198.19345819857
199.686369721778
55.2909189937636
56.5393136986531
56.8654498697724
58.189064913895
59.1621972529683
59.9847319996916
61.1974578814115
62.0559762329794
63.4086747621186
63.7760391435586
65.4545420543291
65.8258922414389
66.9025851406623
68.680340514984
68.9126432237681
70.6044717151672
70.7880959098693
71.8958536181599
73.1095504297409
74.374454671517
75.0252831829712
76.603002743097
77.6552566797473
78.6422470246907
78.9910727501847
80.6432243622839
81.0105872978456
82.101832885528
83.4229406542145
84.2432110602967
85.2212188544217
85.8136432091706
87.5144220651127
87.9060467397794
89.3924325227272
90.663758616196
91.6101671792567
91.8332153076772
93.3894020775333
94.5121509893797
95.448173913639
95.757228360977
96.9442887988407
98.5021600441542
99.4518406826537
99.880430256715
101.008359396597
102.522950699553
103.204194040503
104.047201371985
105.365132761421
106.723146318225
107.421692851232
107.865697010187
109.348110477906
110.285467053298
110.899503374007
111.929930433631
113.522524572676
114.237222613767
115.580969742266
116.718776764348
116.840557191987
118.119007146684
119.358545439551
120.704783910187
121.047476398991
122.665485189529
123.170676491456
123.857496297453
125.581992202206
125.958813430043
127.045436908491
128.609165509231
129.054616805864
130.293291317998
131.193243055139
131.840067870682
133.359544055304
133.841174855595
135.180111502996
135.793093133951
137.12473067781
138.68854326196
139.48449374293
140.671960564097
140.900703446241
142.664316473063
143.658259023447
144.485319787171
144.765980580589
146.340587856015
146.833546258276
147.745413016528
148.917074382538
150.352079999633
151.240146816242
152.247821736848
153.028808526928
153.901487330208
