0.455048495205119
1.91893364535645
2.00824424321763
3.09549840982072
4.43850136641413
5.80660309642553
6.05026250355877
7.78387149656191
8.29052267130464
9.39061628305353
10.0855780744459
11.5535418726504
12.1148605535273
13.5239553384017
14.3012371461373
15.8364828634076
16.8148486944847
17.0538335752208
18.3356325975619
19.7907033581287
20.855579527095
21.2966722561978
22.1085621269885
23.2596363122575
24.392509347992
25.9472057954408
26.7338356648106
27.0494768749923
28.7655885717832
29.3625015907455
30.934389408445
31.2128695526626
32.6375361212995
33.9705989395734
34.9728551066946
35.6192041374743
36.7901573579293
37.4015246846247
38.8014199526515
39.8131192908622
40.6063813387882
41.4023391755763
42.571789536858
43.3646579722408
44.9501345362514
45.5109653735999
46.7652341225185
47.532528239768
48.9513939351309
49.5321227477398
50.9927222135011
51.2373131692875
52.7850895437878
53.9997390680946
54.8667325295974
55.4677907254081
56.1341026076116
57.5453304608818
58.0537142241374
59.0844138001557
60.6945537137799
61.0052945213392
62.0873265306
63.9168647986371
64.6115139515605
65.0956802412402
66.544646559516
67.1983419773169
68.7167945443653
69.2016821163706
70.008061254397
71.5994303824846
72.6709547571372
73.9101299326867
74.6239295492414
75.1424608090892
76.2419856253546
77.2028161953203
78.0934795895591
79.7834710034076
80.4193190312944
81.8209986179136
82.2127789924853
83.6526422286406
84.6514817355201
85.4628789527342
86.5873699367512
87.6958511713892
88.3482014262117
89.9660625441466
90.7971724430099
91.3441137613263
92.5589143021498
93.9155419964809
94.9330653378274
95.9083225114737
96.4332459915895
97.0698332160246
98.4773503707256
99.3329602526501
100.87399661541
101.541883331258
102.057683412218
103.128701949259
104.42240335932
105.267690215958
106.940216288669
107.088655947475
108.966637314996
109.599002369214
110.396268377546
111.92713468615
112.350855113938
113.124496949604
114.53047341737
115.129424198996
116.559119189391
117.177750925533
118.401643750258
119.036084994907
120.541404890828
121.491788474144
122.453032773454
123.492566151312
124.973140772432
125.898365834029
126.984073249158
127.525680180406
128.145224825479
129.65831377008
130.855637612985
131.19192967657
132.929834187264
133.415609310847
134.392164233141
135.647534006042
136.233270705445
137.195436472772
138.453037926462
139.086754408199
140.130164478905
141.441203037743
142.244801576482
143.011086024344
144.865725313313
145.525867054472
146.727885268396
147.878535513999
148.180117041338
149.628798151156
150.449559819419
151.65299480129
152.026151384925
153.638904985273
154.349132525502
155.882762864465
156.375054427423
157.374916811241
158.004510014318
159.177498353645
160.405274550663
161.838388836477
162.611625628546
163.566152430139
164.151899874909
165.993654340506
166.228630105965
167.268874576082
168.030129942345
169.121264926624
170.559396197321
171.914198469836
172.587142468197
173.537063177908
174.355947340606
175.509916205658
176.056230937829
177.661754568573
178.201031716075
179.026606811443
180.235158671392
181.400576032232
182.377047941089
183.610656574601
184.298060019733
185.481445399346
186.239073300269
187.213514217176
188.527314523002
189.223061447497
190.964655100834
191.664008462103
192.193708312465
193.888713229448
194.082485208753
195.897471094271
196.522510744631
197.006882550195
198.789926537778
199.48047952354
82.4221798086073
84.1693571256474
85.1562974823173
85.4169197580777
86.9147198107094
87.8446325529367
88.6464561459143
89.2746360003948
91.0909250094555
91.7716204025783
92.8780735041946
93.9321316760033
94.4913552799262
95.5481361788698
96.2651617226657
97.5368644623086
98.5596858351491
100.05223239772
100.269578333478
102.129282783484
102.590729160933
103.373583740089
104.387152363546
105.883816857124
106.761924541788
107.450275300071
108.392088503111
110.16955534718
111.140909279929
112.009843529901
112.327883028192
113.995919547975
114.359777424252
116.194224755978
116.93505438068
117.675634098472
119.016589519568
119.750845455797
121.208369048079
122.160347193014
122.864207990468
124.045130612329
124.250142090721
125.678300397238
126.904197121505
127.929140493274
128.973055267707
129.752485384466
130.946356265107
131.825838531135
132.7391926907
133.946352148661
134.569348732242
135.87485653488
136.296309275087
137.530153890839
138.90947312885
140.121704231249
140.964288896415
141.394846863113
143.046736492775
143.744948580163
144.861053850735
145.986589723965
146.70601670933
148.023830982856
149.090538655873
150.194854255999
150.562711137347
152.144941685256
152.527637407882
153.707093227422
154.330338346073
155.769761701114
156.853354056366
157.615587399108
158.269777497044
159.690015306696
160.617576572811
161.428427912761
163.054093449144
163.487631377997
164.915572075406
166.071690083481
167.190148283029
168.008920918219
168.915572375059
169.280751343118
171.107954778243
171.61273524561
172.495360543951
173.540217842674
175.08845293615
176.152354056481
177.176745058037
177.883645638358
178.583798306063
180.159968110034
181.06289106328
181.606284077978
