0.471893200883642
1.05868656374514
2.52931864932179
3.60318819922395
4.72687410539947
5.87395187467337
6.91134645044804
7.3337918408215
8.00812891568057
9.67604008619674
10.775833880296
11.6445576166734
12.309711413458
13.6492136518937
14.4031257412862
15.2546901323367
16.7235718243755
17.4972450758796
18.4891140586697
19.3712458102964
20.5388031413313
21.961686342489
22.5798027757555
23.3635693611577
24.6878358763643
25.8069179989398
26.3800978432409
27.7765994479414
28.8070437193383
29.3827586043626
30.7788723204285
31.1649766529445
32.7083041742444
33.6789584551007
34.3066850919276
35.2664346399251
36.9831517573912
37.217012477573
38.5746998200193
39.7999737972859
40.9265363940503
41.1613758327439
42.9584344932809
43.6611875987146
44.5684481409844
45.802644463256
46.4022582494654
47.2753570079803
48.6128628288861
49.8428017373662
50.28033602098
51.9146557883359
52.9018857202027
53.2905338332057
54.3761269187089
55.0805931636132
56.0779661373235
57.8021182126831
58.6189624390099
59.101077562198
60.7424251835328
61.809242618503
62.5214647632092
63.2458029461559
64.2224430295173
65.7785073232371
66.3716857826803
67.1677698970307
68.6242474361788
69.0199876946863
70.7501766623463
71.3740404669661
72.4937028046697
73.2690598999616
74.0667747233529
75.154868319165
76.8112372134347
77.7355486603919
78.6239208434708
79.5345790171996
80.6097844920587
81.2165474819485
82.6677423012443
83.9240316308569
84.1125208006706
85.863120496273
86.9816124734934
87.090265084058
88.8436046552379
89.9209804874845
90.0581921944395
91.3821169980802
92.1499890193809
93.4298999200109
94.7305261020083
95.1340459394269
96.3516330737621
97.6677813341375
98.5581502343994
99.2439387934282
100.454407432815
101.291386801051
102.379069158342
103.098408982391
104.763320375932
105.019475364126
106.978478147415
107.070066991262
108.278914457886
109.408026481979
110.909149977146
111.580499143573
112.909965729341
113.854195921682
114.268776633311
115.929086115444
116.23504458298
117.680279761553
118.800133503508
119.535220660968
120.587431496941
121.38684020564
122.650969857117
123.945226629497
124.547319412464
125.551608016714
126.578702201368
127.211730010342
128.770318183815
129.665161407553
130.480172450189
131.226332259597
132.628559800098
133.996103483718
134.051340319915
135.58036396862
136.315089648357
137.060113830026
138.391718146391
139.288643509848
140.620513227768
141.861750775483
142.836546787759
143.160690956982
144.493462214014
145.216447830666
146.12289439654
147.595179790631
148.715156776831
149.632716574008
150.591943977866
151.008483523037
152.043363724137
153.437873144168
154.064605257008
155.389606786659
156.249588024337
157.260905112373
158.686456534313
159.779080935521
160.966729294742
161.383394324454
162.892541182227
163.524576399941
164.533145758323
165.86641404056
166.048440420767
167.945233286358
168.236573222326
169.521292728139
170.816161319148
171.154757130658
172.808832393726
173.225018542958
174.653948834864
175.213510806207
176.736328863306
177.692011425272
178.042680965969
179.156911655096
180.991510561435
181.93304817332
182.984564941144
183.830949620809
184.472015122883
185.261677753879
186.185062222881
187.162639910821
188.822577828309
189.766338592628
190.115695626941
191.396607248811
192.165773035958
193.934754139045
194.474729799898
195.776113489876
196.700350551168
197.82839728822
198.494034130126
199.281155322678
