0.840016584610566
1.54439864051528
2.25246069114655
3.18252621754073
4.13509160792455
5.11196849448606
6.30333014205098
7.36267629964277
8.82356406096369
9.3782224226743
10.1475660002325
11.9692858422641
12.2647030560765
13.4087960005272
14.5709628195036
15.2905462353956
16.1813153503463
17.9398898766376
18.6803514219355
19.3173965127207
20.9817250883207
21.1780693242326
22.6829500310123
23.1334356535226
24.2035978017375
25.4322448950261
26.9666863686871
27.4547037247103
28.3154813721776
29.0095847297926
30.1036924729124
31.1979184602387
32.6303090029396
33.0945360553451
34.2291179986205
35.7284973687492
36.856156864902
37.3036044670735
38.1061227684841
39.6315039470792
40.8650320030283
41.0785297704861
42.056222117506
43.94266176573
44.4085206170566
45.4411578115541
46.442748661153
47.3701583025977
48.8328542460222
49.4492107986007
50.9784127811436
51.1606002685148
52.0003273785114
53.2856575837359
54.3333319833037
55.0460635097697
56.6560440193862
57.9845581909176
58.5809655312914
59.8998016621917
60.5771982339211
61.0847778285388
62.8404116360471
63.3560514790006
64.1834824718535
65.2811617383268
66.6878892886452
67.6156000536866
68.9181658837479
69.3623573863879
70.8005753040779
71.268784124637
72.3495818795636
73.2582928894553
74.1414460951928
75.3844647628721
76.1077819552738
77.0029103504494
78.6829359433614
79.1211394679267
80.2624032031745
81.1999862650409
82.6779414142948
83.4342443351634
84.9891779192258
85.1632118690759
86.5437797475606
87.9337766882963
88.1842774464749
89.7320914627053
90.7049979486037
91.7418105548713
92.7541583299171
93.3066007858142
94.0350556231569
95.3328837174922
96.7525392819662
97.600082956953
98.8723581526428
99.2959602188785
100.813726324122
101.204558418831
102.815880865091
103.958940400742
104.712834003149
105.58906834689
106.120975380996
107.493429538328
108.970820581773
109.233442780562
110.347551853629
111.613603553735
112.218269772828
113.877354364609
114.282988122432
115.245315705892
116.998394370312
117.781691230368
118.634589674883
119.529238964198
120.474050348625
121.707848125137
122.671110104537
123.578115413897
124.058656806592
125.669594706036
126.63269888307
127.29877139465
128.426640369929
129.863568243105
130.377029799391
131.366803411162
132.681143708294
133.67972108
134.769916262478
135.903989155544
136.460758242523
137.553318642313
138.406501353486
139.83809346403
140.891227728222
141.515385387465
142.6449588018
143.009810815565
144.699403569801
145.833970171632
146.281627709977
147.414291684283
148.918168769684
149.524772368604
150.246149967192
151.4894639384
152.071719305823
153.132473923732
154.714882322587
155.491790557047
156.175657384796
157.86018285458
158.191764009884
159.37077128794
160.676387595711
161.741784621961
162.365320440149
163.573703230824
164.514667366398
165.332436108962
166.288210889325
167.319971293909
168.851186265005
169.159906184301
170.714660136262
171.23292322061
172.217806565342
173.697244856274
174.325439610519
175.230241987854
176.292934571393
177.483633578289
178.286062204279
179.778007392073
180.164622660493
181.744119416224
182.81609683251
183.278229302727
184.616057628999
185.68802596326
186.736490779324
187.410722783068
188.234591898741
189.73477440211
190.126372424886
191.981512150727
192.333876734832
193.760885748081
194.324700725963
195.867181472713
196.957654687576
197.058731340338
198.719334232854
199.231347675901
