0.0978622450493276
1.18292659963481
2.3587411143817
3.81892993301153
4.00138589949347
5.06083032372408
6.40849738381803
7.92070142435841
8.31944363517687
9.40242179506458
10.8685544228647
11.4792950062547
12.874709587777
13.5212619900703
14.2528257851955
15.8296820835676
16.3719661072828
17.7729194441345
18.1832456539851
19.4699929670896
20.4993825855199
21.0782977307681
22.1382709720638
23.2595510021783
24.2850171041209
25.4209353385959
26.2552213864401
27.5659344508313
28.0923230273183
29.126410636818
30.6008053196128
31.3765173309948
32.7973159789108
33.4244310902432
34.6204289481975
35.3948513201904
36.6754567699973
37.7454189094715
38.0923819534946
39.6638132045045
40.9711570793297
41.2018525009044
42.8202776210383
43.6278935251758
44.6316311638802
45.2965880876873
46.7332687280141
47.5593606287148
48.6615865852218
49.2906664437614
50.0841870212462
51.790798335569
52.719539212063
53.1559390020557
54.246203495888
55.2185080253985
56.2985535440966
57.1290488995146
58.8284208809491
59.0145250530913
60.8187231740449
61.1534955292009
62.56682868395
63.428739262512
64.3382982064504
65.4216289557517
66.6733230617829
67.0445359896403
68.6456369827501
69.3182998928241
70.5374244831037
71.0362290230114
72.9831456688698
73.1087227407843
74.2538240053691
75.6939637302421
76.361818596255
77.6536984287668
78.5978412723634
79.1270904992707
80.0998424219433
81.7289176972117
82.2161943931133
83.4782754443586
84.6008981727064
85.6498773000203
86.6699008701835
87.5346766114235
88.694658547407
89.6274845863227
90.5150947452057
91.9186461460777
92.8445823611692
93.2962158170994
94.9030793241691
95.8687213209923
96.566548603354
97.4460085441824
98.8892099449877
99.6374200324062
100.409650054993
101.884334961884
102.769021698274
103.866385776317
104.00792822917
105.115725574549
106.744718872244
107.234698974993
108.151442426955
109.776303040329
110.715646661585
111.802687036106
112.482888778672
113.987914038356
114.871241022833
115.479972237023
116.123235482024
117.257837986806
118.104234291473
119.580013352679
120.894231937127
121.553904405329
122.596639387542
123.112204943551
124.231013148092
125.536593858385
126.723216905957
127.878840411315
128.638112633256
129.608628667425
130.234616547823
131.757226363523
132.252487079706
133.616546681151
134.480594362365
135.706686857389
136.102915319847
137.572340698447
138.332661513705
139.617712459061
140.208233563928
141.703211714048
142.406260286691
143.097267200472
144.02992038033
145.075578588061
146.053230517311
147.558106960263
148.000158995157
149.004995290656
150.145486406516
151.30190168065
152.836926348507
153.645364549942
154.828284488991
155.579445491079
156.90340727265
157.991115714191
158.530467461562
159.040269525954
160.202790063806
161.471417597728
162.097895908635
163.746840303764
164.076747122686
165.419926992385
166.915165874641
167.178837036714
168.110046959249
169.331658133771
170.916295011761
171.942305793986
172.047942651669
173.39012641157
174.188842216274
175.366441428661
176.936000144109
177.207698517712
178.774117881432
179.511184673058
180.830719356891
181.754068821669
182.650064352434
183.810854092008
184.339629983995
185.380658156238
186.641790014924
187.344204455614
188.84205948445
189.297933079768
190.563680379419
191.185490863165
192.689989802893
193.94034519908
194.456492637983
195.830296613509
196.850977079011
197.292878568405
198.436701943167
199.623139429605
136.870692123193
138.002633319935
138.15133771766
139.339145446429
140.377351565054
141.136084369849
143.047030864982
143.507634371519
144.526551732095
145.106008726638
147.047380810836
147.562731717248
148.653870866634
149.964572027558
150.485150482738
151.632112973137
152.285668011755
154.065702584339
154.650273273233
156.034936605021
156.926586370682
157.432247876655
158.644791647093
159.188300479669
160.302171450807
161.73706950061
162.312294068746
163.602766860509
164.605429769028
165.883393203607
166.111740416847
167.236908757593
168.746367192129
169.144574438687
170.406099204905
171.58589834813
172.970210059779
173.378231245093
174.365558888298
175.127356112702
176.318666159175
177.518127479358
178.840859190561
179.614195009461
180.583859672071
181.378605424194
182.560541211162
183.460496666841
184.836837713839
185.495965254027
186.219556158874
187.958741828799
188.959892881569
189.440451147035
190.206101696473
191.260269408813
192.341410129098
193.886118178256
194.903341662837
195.731493976898
196.376162857749
197.418180944864
198.554600862321
200.091368363472
201.008410748094
202.006868709112
203.061544348719
203.248809994897
204.318512791302
205.384734160732
206.453348330921
207.727170134196
208.570085867774
209.587009512587
210.65269048512
211.746863858541
212.557882237015
214.044740711339
214.928786578588
215.968176784692
216.258939947002
217.582733301679
219.06462864764
219.617268420057
220.564951970242
221.541185924318
223.046382207889
223.87052047858
225.078741030069
225.695561123779
227.010819945717
227.249718841631
228.453891642625
230.007526190253
230.535227858229
231.296773006208
232.294849445811
233.477264389396
234.62318468513
235.281708168099
