0.5851552025415
1.89050162793137
2.67352081020363
3.18376178760082
4.69665282033384
5.15596371074207
6.14080993947573
7.46521301218309
8.12981802411377
9.17597772087902
10.5963677188847
11.707674989244
12.6866393215023
13.0596755966544
14.7386092902161
15.5213868122082
16.201824785443
17.0378169959877
18.1032387802843
19.3783826248255
20.6785715576261
21.1887899432331
22.0488560867961
23.1997700580396
24.8856861705426
25.5462099781726
26.6147479156498
27.1314797594678
28.7590904680546
29.0384771577083
30.7601075773127
31.1227010251023
32.846222495893
33.6684328401461
34.9554788691457
35.8805273955222
36.6625418502372
37.3630196661688
38.1628443915397
39.4135282975622
40.5740091314074
41.9059293372557
42.4642821382731
43.4028971116059
44.770739673404
45.6492124740034
46.8147464026697
47.0405376737472
48.4530290733092
49.5224247670267
50.4056999308523
51.0541909146123
52.1321683288552
53.327421363676
54.1382787430193
55.9348849598318
56.7454934716225
57.9752534651197
58.8915428153705
59.7054390194826
60.9967216106597
61.3817296430934
62.4418067969382
63.1875849163625
64.5139197171666
65.5083595165052
66.7294110211078
67.0324055729434
68.0584315620363
69.4608301103581
70.4079977765214
71.059853405226
72.6590008458588
73.7233150603715
74.3567651042249
75.3759962387849
76.236456069164
77.3142475290224
78.2177854466718
79.0354976158123
80.6638672184199
81.6262522125617
82.3204846165609
83.2009246272501
84.0511250700802
85.3454776189756
86.7323413784616
87.516459552804
88.2490036180243
89.6779425637797
90.2736425460316
91.6773036723025
92.6854894906282
93.8926861709915
94.3538878748659
95.82423825562
96.6370094248559
97.3665563613176
98.5850960847456
99.2684522331692
100.320220289752
101.523342925357
102.528755427338
103.107076478889
104.166000311496
105.714229401201
106.81755800196
107.881398897385
108.764826681232
109.645634627668
110.577759734122
111.660327582154
112.741848943057
113.0535610714
114.485277977772
115.553615155397
116.703546025557
117.482854442205
118.722093579592
119.34156501852
120.33410143177
121.360505335731
122.852910511894
123.134413966676
124.583028151654
125.748780166265
126.017262527952
127.284294679062
128.954469400691
129.118406476919
130.833848032868
131.474048059667
132.360912588425
133.61449102289
134.329048810061
135.346010279376
136.979043364991
137.724720732309
138.852932168636
139.238179961452
140.630402675131
141.098012001021
142.675605041673
143.144304526737
144.930868446128
145.921263526194
146.100813414203
147.20820623287
148.27781709563
149.810672995402
150.667164240964
151.408270820277
152.284300634172
153.538158481475
154.15053493483
155.218707804335
156.335516560124
157.641697943676
158.136317613069
159.517782551935
160.517202483956
161.87263297569
162.630495369667
163.712035033619
164.378159171902
165.20746386447
166.010241793236
167.741097495658
168.201185900019
169.460396585986
170.6419970477
171.130473830737
172.431783592328
173.159477319568
174.018591622822
175.447245436488
176.350840432802
177.772592064925
178.479487234028
179.501650935039
180.672614321113
181.617157911649
182.452560920734
183.356918007834
184.384586183587
185.039965874283
186.360021302709
187.527153031668
188.902999860467
189.637197326869
190.648350289324
191.267904238775
192.41686988622
193.810109601123
194.051292151678
195.584337440552
196.019347606692
197.017707075225
198.714122299571
199.742250893498
