0.878642096882686
1.80392314004712
2.53395553398877
3.30864841421135
4.48766729654744
5.64378673047759
6.18227125634439
7.06511704111472
8.44279395299964
9.28468667040579
10.2755327126943
11.5042861246038
12.7796088594478
13.4734321590513
14.2081280152779
15.7422737325542
16.4744670104701
17.7433489046525
18.3381645304617
19.617991036037
20.9320425598416
21.8179737175815
22.5416297533084
23.1845454457216
24.7196286495309
25.4090764215216
26.022682182258
27.6136216716841
28.1901888304856
29.3232428794727
30.6378786028363
31.6630629347637
32.8734976919368
33.5262885061093
34.4434186278377
35.5438564177603
36.9794379821979
37.5779215577058
38.1605192506686
39.952159672277
40.9348995422479
41.9316643481143
42.6201398416888
43.7947613073047
44.7751940451562
45.8336365877185
46.2908079710323
47.2129208818078
48.3976845878642
49.3831138985697
50.4631114143413
51.5237504302058
52.1104232235812
53.6322174784727
54.9025133170653
55.6021400070749
56.6135048710275
57.5513351229019
58.4806429550517
59.7348909103312
60.3753848453052
61.1945459714625
62.3833962271456
63.2965845032595
64.7958283422049
65.3197233050596
66.8784230684396
67.2321632511448
68.2710638439748
69.0678520121146
70.8931670289021
71.935693229083
72.3772012444679
73.7300760650542
74.4539488013834
75.2919446907472
76.0356881334446
77.9905318228994
78.9669014012907
79.6466389440466
80.2675008405931
81.5742040870246
82.5188308863435
83.5114966486581
84.9060966446996
85.1093401580583
86.2727712204214
87.9298231978901
88.6785936229862
89.5546114766039
90.9621213320643
91.0140419860836
92.0254841300193
93.5732737283688
94.8619718397968
95.782437017886
96.9160847107414
97.1783793445211
98.8961311134044
99.3832367656287
100.414051778847
101.525741628604
102.187942194985
103.127860148437
104.240253456635
105.123454391025
106.751033595297
107.660210405942
108.051524561597
109.128006499028
110.587063824991
111.381868197815
112.795037520817
113.680803426076
114.573365221033
115.041746206116
116.427120586159
117.602184131509
118.180019552819
119.201920060907
120.775838053087
121.614998057717
122.293361313175
123.212666807929
124.314820320578
125.460709810723
126.542565294774
127.021314377198
128.90723907412
129.35770197236
130.374521006597
131.641568565974
132.147252240218
133.98751310329
134.140667669708
135.634897885378
136.52049100399
137.341187146958
138.19688073406
139.666881906567
140.412435268052
141.682411912596
142.930405908264
143.959605861688
144.680411532754
145.741090519354
146.859994347207
147.854980344418
148.728514444549
149.78245282569
150.188327735523
151.576777105452
152.538861980895
153.75540861208
154.777226368198
155.08318725694
156.043980508577
157.145938097732
158.63113080617
159.568805011455
160.122382196598
161.252195675625
162.316753231687
163.737054176861
164.53953166469
165.986510203453
166.847938456805
167.18482751376
168.800013631582
169.477200784255
170.680729062064
171.411403944716
172.680447781458
173.125906428322
174.272626079153
175.152603629278
176.567626211327
177.827682303498
178.735421015183
179.251068617683
180.508830505656
181.309026721399
182.146159243071
183.259383738739
184.162226408953
185.045354016125
186.244773961371
187.580501117511
188.772913235705
189.774589744397
190.9683376553
191.302196038654
192.491883158917
193.204694032669
194.987231398467
195.384025316918
196.569472322706
197.934874877799
198.465364421485
199.741870535072
