0.926652255933732
1.88190330774523
2.95863740425557
3.47480935836211
4.14085478289053
5.38916731555946
6.74159333086573
7.2119106228929
8.42684346623719
9.49311956367455
10.6182390593458
11.8254433865659
12.4294145274907
13.0442943989765
14.4480484027881
15.1093534620013
16.335383008467
17.5013983235694
18.8222045905422
19.7186093204655
20.5238531033974
21.5551480627619
22.8813491188921
23.8095398081932
24.498497974826
25.2810426875949
26.8068182221614
27.9665719405748
28.589671705151
29.6624105775263
30.5122882127762
31.345261460403
32.4173856547568
33.1790052754804
34.9487388294656
35.3761661883909
36.0370976626873
37.3188173100352
38.117752030259
39.5594554159325
40.0037239398807
41.4786075826269
42.314220428234
43.0342837281059
44.4234584788792
45.5524488345254
46.4149530131835
47.4328315446619
48.0253077102825
49.6466314368881
50.8697460172698
51.5694675494451
52.8316123515833
53.3339371387847
54.3107295215596
55.9874797742814
56.8585974946618
57.9568294293713
58.5743157987017
59.0495821016375
60.182275588857
61.1933112198021
62.231520149624
63.6874376146588
64.6239891054574
65.2987117809244
66.0794056397863
67.1734286663122
68.9196729357354
69.2564978715964
70.4084300736431
71.1468187053688
72.456598386867
73.842950349208
74.405701624928
75.4142884144094
76.2731750118546
77.6258772788569
78.1782996729016
79.3923690698575
80.9253498967737
81.4589224690571
82.2905124919489
83.0218261915725
84.7021094341762
85.0256244810298
86.3768905273173
87.4734254681971
88.4351519171614
89.1350915704388
90.2524849537294
91.5337142371573
92.5681105970871
93.5588416433893
94.5026574719232
95.856858975254
96.6262024091557
97.5754208914004
98.7846037393901
99.9568400674034
100.580110991141
101.717109255027
102.898690547561
103.55269138189
104.078342393506
105.473323881859
106.719595026923
107.10998231289
108.16179437167
109.954377305228
110.169381928863
111.138048630441
112.693403283134
113.024433939252
114.984643396689
115.281110665761
116.905721472576
117.761970710242
118.088114282349
119.920550735667
120.901614817791
121.456353825517
122.189922310645
123.17794605135
124.82941053086
125.71684860019
126.803578226129
127.625539989676
128.093416977441
129.795454595238
130.792742166435
131.888292410877
132.259820912033
133.771281851921
134.664746229071
135.34361189534
136.07375342492
137.516010038089
138.210177510278
139.26323716878
140.245305147953
141.145640192088
142.92872150382
143.48825559346
144.025962629355
145.596035246039
146.018631730694
147.42315411265
148.417875126004
149.334767477121
150.982811614405
151.198530987138
152.729321820429
153.503231654642
154.679297821131
155.017713366775
156.259827272035
157.096838433994
158.966910369927
159.684204283403
160.753835175885
161.541842403356
162.761894498486
163.517082222737
164.969891106943
165.237097823061
166.048527645646
167.7018505421
168.451763817575
169.737934484612
170.874899754534
171.265360994497
172.140747335274
173.29740353371
174.516070751473
175.650080151856
176.555691621266
177.0751831159
178.252294316189
179.787304246565
180.899031893816
181.264109979384
182.723482806934
183.414293540176
184.149759793188
185.93352219509
186.095449003391
187.647278546588
188.936667708913
189.92471779394
190.858772014733
191.59901509597
192.754108869005
193.3111797499
194.124068101402
195.802738501457
196.779950582189
197.685807056492
198.959446270019
199.371022879146
