0.347048658644781
1.91916788788512
2.00011086231098
3.50228439853527
4.24589640554041
5.37552812951617
6.12162908958271
7.64787704520859
8.10926860407926
9.16082025668584
10.0652310883161
11.8022118203808
12.8020272569265
13.3228875603527
14.1181609868072
15.3277907255106
16.4970441965852
17.6377334326971
18.8677330231294
19.9627255885862
20.8037073963787
21.6818111003377
22.4669367617462
23.0662182201631
24.3176892611664
25.0646457683761
26.4427098308224
27.08356105024
28.4875584864058
29.427756161429
30.7322626688983
31.301668361295
32.2000703541562
33.3221901268698
34.3681010701694
35.8494830802083
36.2403951305896
37.5967416279018
38.0994997657835
39.6777310210746
40.3881391468458
41.0682118986733
42.5835133311339
43.8770938010421
44.6580825743731
45.9793215296231
46.1585247283801
47.9755772724748
48.535741076339
49.7537111844867
50.5614589713514
51.8037453447469
52.5437151780352
53.7261292212643
54.867412882857
55.7697239995468
56.6098298258148
57.2996548037045
58.7104247510433
59.857408215059
60.7413278180175
61.3063916712999
62.9978019662667
63.2326662102714
64.9072059371974
65.9480405009817
66.3469304027967
67.2643021207768
68.9347179881297
69.8539073138963
70.4143109356519
71.740062772762
72.9890873804688
73.8354204420466
74.5212765135802
75.2476018806919
76.6566195078194
77.4421320201363
78.7365555379074
79.8037381940521
80.3864616614301
81.4071605626959
82.4040075629018
83.2195273665711
84.5482137273066
85.2576778410003
86.1380701430608
87.5232370395679
88.4032601893414
89.0252585348208
90.1772854242008
91.7915190514177
92.6424655742012
93.1778891666327
94.940369670745
95.425534457434
96.3206507288851
97.3131736197975
98.3786508929916
99.6512601848226
100.237776473397
101.052462098422
102.889651452657
103.895163265755
104.889509618981
105.432868061354
106.935821297113
107.205542983487
108.215341857169
109.26403316739
110.97614764492
111.541225595633
112.016749860253
113.515281450236
114.027826061705
115.817864684854
116.289892130997
117.203846239019
118.274192839861
119.538254624931
120.115853551542
121.737959276186
122.246423696401
123.132006049156
124.512219531694
125.314911297755
126.986909757135
127.432113721035
128.719032800058
129.705102999927
130.68898252002
131.701715983916
132.146786695346
133.235668276204
134.523920764681
135.072375984164
136.216187339742
137.886312534334
138.345280834241
139.632704186952
140.393641313538
141.039234194672
142.785811340669
143.629334967816
144.432812140789
145.868235533359
146.468983002938
147.610881316476
148.447063240921
149.048020750983
150.482117926702
151.861097439891
152.056176275015
153.795917967567
154.924563583685
155.881791565102
156.870332836639
157.922727092868
158.892450452317
159.225833012257
160.78105519549
161.944103945745
162.681533606257
163.542274925159
164.146132266149
165.703157681972
166.500714660157
167.156483423198
168.172052433481
169.994341788115
170.099438303616
171.423317529261
172.340586621314
173.470059523126
174.579429753125
175.788798081456
176.778385337442
177.611446460942
178.871610575123
179.647867252119
180.331488386961
181.922167059267
182.32644303795
183.618699247949
184.779912473168
185.985903531313
186.145664868178
187.182398272911
188.17620220664
189.074395884061
190.947648339672
191.436134888558
192.209851427237
193.334752576193
194.825220626546
195.032013524324
196.011910832021
197.377175288042
198.95741774817
199.553843475645
