0.161081640515476
1.33179031941108
2.3020980739966
3.00351271545514
4.68469245545566
5.98531172215007
6.25784310069866
7.04449881659821
8.95791704743169
9.4898263826035
10.4502754812129
11.3889104390983
12.016052009305
13.4380158861168
14.8080598136876
15.0951502111275
16.2905913910363
17.8601662907749
18.7702769890893
19.1989446363878
20.7462897326332
21.1113014586736
22.0105105440598
23.0593220635783
24.4436753480695
25.998226152733
26.7080027165357
27.2910718016792
28.2633728436194
29.9729863156099
30.0479911779985
31.2690450286027
32.29265840468
33.2372259043623
34.8268729180563
35.1790055986494
36.8253360770177
37.0232810936868
38.0898672405165
39.4927747885231
40.6625594440848
41.7288604497444
42.6489737927914
43.8857138890307
44.1414114828221
45.2578759838361
46.7113415785134
47.5586044385564
48.861604121048
49.9663187563419
50.329472823767
51.2564199436456
52.6034867425915
53.0308798365295
54.8641338523012
55.455173199065
56.6125791831873
57.0772166156676
58.6607124898583
59.3610545992851
60.5960070160218
61.6559650872368
62.7796382470988
63.5853838478215
64.5067471275106
65.7438847715966
66.774861127371
67.647107422119
68.6230525923893
69.7672173618339
70.5681803917978
71.5276561023202
72.3248825729825
73.5875697101001
74.9512994976249
75.0282452777028
76.4229221399873
77.5838617503177
78.8401690931059
79.806078911759
80.8124178042635
81.5353244997095
82.0241894447245
83.3968993281014
84.2847315373365
85.6252380863298
86.1070817133877
87.1052389943507
88.1965390127152
89.2370595186949
90.8808442486916
91.682979388861
92.6257982139941
93.5957518108189
94.5180289882701
95.5428249940742
96.8551606060937
97.803144218633
98.7252534108702
99.0168184039649
100.567928601056
101.326684136176
102.132564326748
103.937929419801
104.322007335722
105.666371277999
106.24454804277
107.795544970082
108.104351237416
109.83879741584
110.121336374432
111.066823224071
112.439891335322
113.695264562964
114.756328519899
115.791028959444
116.750580394175
117.229951541172
118.863973974017
119.418741695583
120.52429768024
121.863749009557
122.182422071928
123.714607174741
124.939722449286
125.143164128065
126.921319142682
127.893862754107
128.035902192118
129.012452862225
130.568389611319
131.741003671661
132.271253902931
133.321991844103
134.28229568922
135.432565226918
136.807135350537
137.359110502526
138.278305953369
139.836667963304
140.326697129058
141.219870473724
142.060752236284
143.368825738085
144.758737958036
145.217685998883
146.754055499332
147.056212248513
148.251359768678
149.846874728333
150.8988103054
151.01296743867
152.004869099474
153.608555012383
154.901889816858
155.326024913462
156.091025203466
157.003684106749
158.79893549066
159.905513751088
160.789254194126
161.189620571677
162.506513061002
163.57293990883
164.354069606168
165.521063139662
166.771081778686
167.161002688343
168.813849891536
169.448210638715
170.498975699767
171.288953378564
172.834400130436
173.451596413273
174.969978836365
175.871383719612
176.518072590232
177.771765716374
178.535098751541
179.557734686648
180.119899327401
181.356536170701
182.748777798843
183.451119865756
184.997435521567
185.61244353489
186.643505940679
187.669265369885
188.312033928931
189.794628161471
190.329869531561
191.42622104194
192.386188267963
193.314103084616
194.108296728926
195.149732506135
196.745398418279
197.926012870157
198.955394722987
199.405168914469
91.0384426245
92.0295620970428
93.2509306680877
94.8338233204558
95.8380242097192
95.9476897101849
97.1516210720874
98.5982901400421
98.9454478032421
100.164903549477
101.088265905622
102.760284661781
103.219287211774
104.871145956218
105.771581720794
106.390047022607
107.271215725457
108.788899772102
109.699860452441
110.17259190348
111.159115931485
112.11678249808
113.349600224756
114.72734008031
115.448419158813
115.990704206983
117.245218548924
118.581264229724
119.42980913166
120.468568910612
121.616907943739
122.869577493286
123.499392587459
124.563735908363
125.37608998525
126.452772743069
127.509132802952
128.00353209977
129.35327118868
130.621233584825
130.949739131145
132.023409702815
133.218216418987
134.7921225389
135.780288562179
136.11996692582
137.01340248296
138.134793462697
139.28257813747
140.42937911069
140.990566365654
142.397535370197
143.337641746039
143.915262254886
145.155525256414
146.021771720843
147.546490516979
147.957982853288
149.087067273678
150.428012217395
150.966891048942
152.289985684911
153.472060563741
154.082505981904
155.746671979548
156.774155160878
157.393858661177
157.97853507055
159.758851262275
160.030973569723
161.585600876249
162.862403118983
163.844682323514
164.644701235462
164.97211115458
166.44141076575
167.7563978408
168.862258714158
169.731409174856
169.937086922117
171.237969555426
171.922172736377
173.604286201531
174.445438384777
175.364699292462
176.345006361371
177.479065284366
178.047075697919
179.606838918291
180.211943101836
181.051403262885
182.439769794699
183.203485449776
184.504050330492
185.233139873017
185.993623813847
187.457240259741
188.499197613215
189.780265088426
190.132489216747
