0.261871932540089
1.76390824234113
2.62550323293544
3.67791655031033
4.43964242306538
5.0576724181883
6.83478071819991
7.3914853092283
8.43267165357247
9.65468351356685
10.5059375085402
11.1045189481229
12.3620214329567
13.0360229311045
14.0766174353193
15.1260740556754
16.8479728694074
17.7382564826403
18.1313689525705
19.3996394993737
20.2137854206376
21.4781752440613
22.2563457654323
23.5643259880599
24.2623693631031
25.0150661463849
26.201735607814
27.1771001606248
28.6656168694608
29.5237080182415
30.2109578025993
31.1031801127829
32.7909365415107
33.6498113933485
34.1633623328526
35.6709818250965
36.8648756372277
37.9459880993236
38.402300193673
39.9292986851651
40.3436369716655
41.7087509315461
42.2701325956732
43.6539619851392
44.3409133735113
45.9486192062031
46.846094522858
47.2495534624904
48.022468608804
49.1434839544818
50.8948832130991
51.8048589639366
52.0619768369943
53.0278057954274
54.2276784870774
55.610907388851
56.7702771404292
57.7012677933089
58.6124916824047
59.9008059198968
60.5653793332167
61.1316781197675
62.3291678598616
63.9252129723318
64.5835632728413
65.6942116103601
66.5853023484815
67.7387709692121
68.8719659482595
69.2576835888904
70.713388267206
71.9535522300284
72.4052532124333
73.0068898010068
74.7493857161608
75.5469456564169
76.7320210691541
77.48347278242
78.6197460906114
79.7227239792701
80.0523923293222
81.9639766335022
82.425952837104
83.9902658939827
84.9050311457831
85.8431129530072
86.0741028995253
87.9774516320322
88.1352553186007
89.4449993919116
90.2438824772835
91.8932685826439
92.6661344247404
93.9875538442284
94.22471479862
95.7838559220545
96.1497920581605
97.7606701073237
98.0290452830959
99.5230236691423
100.61612817971
101.339189539896
102.410859192722
103.785770993447
104.854035351425
105.133580754511
106.006642005406
107.705043455819
108.873061952647
109.297527234768
110.644193855114
111.605853254674
112.76645148918
113.090061332332
114.385439545382
115.917035199236
116.59452539566
117.012339978013
118.326393296476
119.29417075892
120.03737351438
121.675585998688
122.01953722164
123.953309439821
124.564410905354
125.46754317428
126.082199085504
127.648899922846
128.327144374372
129.42377906898
130.350846515503
131.434736486292
132.936491281958
133.49195513688
134.958404847421
135.982157104649
136.183793854434
137.330029721139
138.58113528043
139.369749497622
140.94669702719
141.384914472466
142.850959620206
143.596892009489
144.702989458805
145.620571037987
146.797325507971
147.367879832629
148.737052613636
149.731860809494
150.079244883033
151.580946122063
152.837104081642
153.71342081693
154.234386057826
155.553430126747
156.974109147908
157.132707939716
158.923717376078
159.286050614435
160.642599695595
161.390661982587
162.825619449373
163.434389217524
164.269843771821
165.463251466863
166.673438776052
167.766460310435
168.688846860779
169.70710333297
170.860779027222
171.709779177327
172.534214449581
173.850120064802
174.407023043372
175.988480398897
176.943102654768
177.558348774211
178.659354952862
179.071001954144
180.664322983474
181.471057285322
182.483287754469
183.741781364661
184.237332024844
185.556754765334
186.884922774741
187.538417051313
188.723361902405
189.028513867175
190.866022457834
191.092508089263
192.590693718288
193.851857083384
194.972017094726
195.627829875797
196.615380140254
197.147613013629
198.600877081975
199.194805957843
135.159721185919
135.986300302669
137.365640391596
138.263853801414
139.069054604042
140.032021919498
141.211571169551
142.085235801293
143.917227239348
144.570881552529
145.128278787248
146.672185817268
147.688913178863
148.795133997686
149.874744375702
150.912279987009
151.72872538981
152.94664428453
153.889320938848
154.216549673816
155.940659776097
156.804891585838
157.191869020229
158.785480645951
159.819501663325
160.750056819525
161.163311948767
162.045355982846
163.40875189635
164.853402933339
165.364162129117
166.511940369615
167.497999155428
168.271501112962
169.358171921922
170.846121125156
171.588420942891
172.202780625084
173.12729754881
174.009783102665
175.043112541549
176.527976177633
177.011302699801
178.534455158515
179.254626279464
180.465393304825
181.66193142347
182.637180414749
183.127875573235
184.937127313577
185.764038023539
186.833966976963
187.423247793922
188.034809750272
189.756182461279
190.675364853116
191.113973708125
192.187134825159
193.588470129529
194.663037819555
195.523863791488
196.673089633463
197.17052744166
198.321433531353
199.004567903467
199.991237332812
201.912447190611
202.267474988475
203.676412634552
204.478228153428
205.054342395626
206.584890328581
207.820074422052
208.884385750396
209.074306799332
210.680621096166
211.36069227499
212.565411627991
213.19027709309
214.163682357408
215.713849214138
216.324563709088
217.862531742314
218.230996745173
219.660492646974
220.141322106123
221.834517989308
222.611558920471
223.214350057766
224.575321737211
225.110353939235
226.378007645952
227.566938039614
228.132622186327
229.881271936465
230.111480327323
231.629277094966
232.287120530382
233.571749016875
234.010117932456
