0.553192432038486
1.12054393999279
2.80715508316644
3.62901749741286
4.1336820598226
5.49387602112256
6.69163494138047
7.822089740308
8.05718376836739
9.3746632814873
10.5990018895827
11.2745411475189
12.1788269984536
13.1510786388535
14.3115613879636
15.0045730702113
16.5214166266378
17.4082201304846
18.4447660355363
19.9269792342093
20.4584664839786
21.9162595532835
22.6351244340185
23.5790890075732
24.0007645185106
25.6760924609844
26.5940595569555
27.8260397722479
28.603901008144
29.5992738201749
30.8250734021422
31.1448453336488
32.3065236506518
33.7500162441283
34.2615102604032
35.5660853183363
36.6699975293595
37.0778723284602
38.7994476102758
39.6978993979283
40.9574477358256
41.7129353326745
42.0623051598668
43.5104293422773
44.7015911217313
45.4293978225905
46.2054934180342
47.2406193204224
48.1499331265222
49.2432921449654
50.2676030937582
51.1745679387823
52.9058494567871
53.8036326740403
54.8866319530644
55.5053537401836
56.0980492879171
57.6704137132037
58.3733380944468
59.6118169669062
60.3962460113689
61.7503079604357
62.4541235805955
63.2353283918928
64.9311299533583
65.4087245252449
66.3579387573991
67.5876718689688
68.3460293977987
69.2924741499592
70.2155685359612
71.5778354546055
72.9492704276927
73.5910049709491
74.2130178965162
75.5648979030084
76.7600297203753
77.966440083459
78.1653636367992
79.8579471106641
80.9189171327744
81.7095049805939
82.8179650029633
83.39382166625
84.3060233672149
85.8885750628542
86.4068499291316
87.802131698234
88.603192104958
89.1247744443826
90.9128320456948
91.5687198669184
92.7524907588959
93.4773241942748
94.4347767564468
95.1628927809652
96.2861983813345
97.2267786304001
98.5489474337082
99.2825060668401
100.198325362522
101.385568834608
102.371218912303
103.214595569065
104.415592887904
105.705714150099
106.203443419887
107.016691033961
108.207092001103
109.131682899315
110.556886319071
111.082407734357
112.596734964522
113.272257917561
114.384354068199
115.629966525361
116.483185877325
117.400496730814
118.610988050466
119.246297383448
120.039900085423
121.153682959964
122.400787214981
123.584724507993
124.105996133061
125.538531091763
126.545309697511
127.713268884458
128.653283187887
129.003993579419
130.162418849999
131.846346530365
132.453910726123
133.453791552223
134.670859627193
135.461379259592
136.977971651824
137.791994563304
138.339243104449
139.38274690765
140.903952847002
141.156354488805
142.825376181165
143.532339639962
144.935597915435
145.08243347751
146.4838376923
147.560465594754
148.294000295456
149.148693024646
150.610602945089
151.888795707142
152.181380656781
153.757264453452
154.658099680673
155.280568857677
156.752701591467
157.265060450416
158.290290608071
159.496117876843
160.428082410712
161.409786822507
162.103729684372
163.47927808552
164.899797824211
165.168245894136
166.273253313266
167.722625070019
168.263148524566
169.661882129498
170.241004846524
171.056211062241
172.152650448959
173.522994248895
174.413137038006
175.839105887571
176.907705963822
177.33876321814
178.898186761886
179.028238161467
180.075615210924
181.604162781965
182.244243520312
183.133574936073
184.499164790381
185.726243327372
186.097269579535
187.914471292635
188.006102443906
189.645724074217
190.385240047006
191.275609766832
192.761801341781
193.724688058719
194.383921988308
195.098026674706
196.284276275896
197.805359402206
198.61896364647
199.535201357678
116.944927299162
118.236857910408
118.877378016477
120.15071987547
121.284202446928
122.270535934484
123.474658536492
124.009428617312
124.765985480277
125.72985928203
127.01055708481
128.449630402727
128.995503039099
129.761855499819
131.094671248458
131.553025701782
132.974082855275
133.697563414462
134.953509464161
136.127094865311
137.115113861626
138.290882116416
139.39400598174
140.185551180737
140.636016081553
142.136356761679
143.308002029546
144.091671046801
145.242763868766
146.444901677081
147.00949173863
148.303882060805
148.615157216787
150.370176163502
150.892274965765
152.108609539224
153.384886045242
153.70968254935
154.694620504044
155.611622513738
157.066835368052
157.827044908889
159.179717407329
159.95770554035
160.809797626454
161.613092222018
163.147635085043
164.084665766219
165.339312854921
165.702777808532
167.112666166155
167.998412204674
169.372929606587
169.605004281504
171.135665178997
171.926062844461
173.288925454952
174.19312461745
174.798454006901
176.252197977621
176.669526020763
177.648628494237
179.09420051286
179.895225119544
181.371904919855
182.046500272816
183.395229663234
183.992537984857
185.441872783005
185.527310442878
187.212091333698
188.435604906175
188.886297737481
189.706207703566
190.694894486573
192.4277708421
193.125593972858
194.458679177798
195.021713975351
195.492490806384
197.053552412661
197.685337627539
199.264630157733
200.248833890771
200.502040755237
202.100307129323
202.91090740147
203.931314903079
205.005812129471
205.660674526589
206.667963184183
207.699664894259
208.588313345332
210.405462939758
210.615863209125
211.556070849765
213.271660438506
213.539850656176
214.916391664883
216.451697749784
