0.690029572462663
1.15513980621472
2.87248263554648
3.90191821870394
4.74781036167406
5.64155323361047
6.49467595200986
7.88422761880793
8.98229207424447
9.91926936153322
10.2287820519414
11.5821820101701
12.414881961653
13.4741779502947
14.1870903198142
15.9190480888356
16.1333143597003
17.1292866545264
18.3235688889399
19.8946694729384
20.2412915953901
21.3614535334054
22.979233876802
23.019759335788
24.4288479366805
25.0265730032697
26.4567099304404
27.9588280583266
28.50264207297
29.6753880914766
30.4544560641516
31.8366455561481
32.8484746590257
33.2231588407885
34.5574175294023
35.4867472730111
36.1664384335745
37.3430980069097
38.9149169519078
39.0868480526842
40.4124852083623
41.4462478368077
42.9752373106312
43.1986671143677
44.3377602938563
45.5760341796558
46.3302348437719
47.5979377345648
48.9208113618661
49.2408242116217
50.4283813673537
51.4717301570345
52.013115654001
53.7233655115124
54.8253865048755
55.0872084600851
56.7507377238944
57.4254515725188
58.5351204338949
59.2793814565521
60.5085432021879
61.8741764721926
62.3136619189754
63.6658828761429
64.49805374071
65.576524975244
66.4789994072635
67.431135579478
68.0160409773234
69.605872791959
70.4073611968197
71.6852605834138
72.6296089072712
73.0452181070577
74.3849453746807
75.311361068394
76.6264928863384
77.2988270206843
78.16033893032
79.0326082850806
80.9396918022539
81.1488975216635
82.0627120591234
83.9878072559368
84.6051869969815
85.4001038193237
86.2095422018319
87.428705632221
88.5479237115942
89.3940720709506
90.6616811626591
91.0676093865186
92.6728731011972
93.6850996543653
94.6312237326056
95.524283080129
96.3021753993817
97.9502887679264
98.415503051132
99.981780404225
100.601295381552
101.42874114681
102.298944495851
103.44816480088
104.806966266362
105.51132934168
106.291001627222
107.757327511441
108.426899611484
109.799633612856
110.163345862413
111.13584364811
112.414530988783
113.401676403591
114.363592720125
115.827150437981
116.690644238144
117.700539520942
118.656522342237
119.293944206322
120.818941598525
121.488959284266
122.214473742526
123.663929181173
124.586514339317
125.013101956807
126.400835408363
127.784822692396
128.658451925265
129.372420700034
130.987783801509
131.261270595016
132.570164648117
133.406988935778
134.823512929492
135.573689337354
136.302971655037
137.440115079982
138.589620887768
139.171893045306
140.365164640592
141.089064565953
142.852598850848
143.617040903773
144.736975171603
145.039895944064
146.093774017645
147.863771956181
148.496805336326
149.343145624269
150.921692781616
151.290136439027
152.694955213694
153.220075910212
154.758143149083
155.554237739882
156.915989784291
157.425287910737
158.007322479039
159.394219208509
160.758992152754
161.483468461549
162.49789327546
163.903529303381
164.835351203103
165.472124923952
166.655291406903
167.669338546228
168.10548228398
169.668325319886
170.758081221953
171.331671748543
172.658119029831
173.156128207687
174.967182480497
175.544081465108
176.881621971959
177.898593122372
178.373684785096
179.37023750064
180.380570364185
181.605497212382
182.290158159798
183.168806944042
184.83268739935
185.39947744878
186.439538515639
187.595704579726
188.156343845651
189.489386905683
190.449963178253
191.607062536525
192.386840171879
193.633603740949
194.605500701116
195.352990650106
196.200131037505
197.692477298435
198.781306746416
199.488261093153
