0.92053356510587
1.39356073015369
2.60041732294485
3.84461285336874
4.51314795925282
5.99228944303468
6.54271394340321
7.20614078012295
8.00302970176563
9.73042304022238
10.6869824917521
11.8033107980154
12.4615699632559
13.4397956647445
14.7727669309825
15.3827131167054
16.524967687903
17.4776594552677
18.0404133349657
19.0458458974026
20.5787888481282
21.0911640918348
22.5422721172217
23.1538024519105
24.9964054292068
25.6884674655739
26.3770461329259
27.094934706809
28.391376216663
29.9421634662431
30.0506186126731
31.6839018631727
32.4588773248252
33.4245792208239
34.1961510879919
35.196880830219
36.8128119651228
37.7643571279477
38.706598054152
39.5206903743092
40.320075995056
41.358979168348
42.5601090681739
43.390818656655
44.7163765456062
45.7091969903558
46.8774587700609
47.3773423759267
48.2279727638233
49.0920900565106
50.0775812189095
51.1962876089383
52.3921719281934
53.7225456137676
54.5054536976386
55.5418303939514
56.2773906248622
57.8557670125738
58.3140236139297
59.5517141604796
60.2225184284616
61.2661069359165
62.731763710035
63.7449996839277
64.1395220912527
65.0438549572136
66.8932871660218
67.5908158735838
68.6354871899821
69.6873467587866
70.0594244359527
71.6011110208929
72.1339335744269
73.7067065406591
74.1572979823686
75.7311495216563
76.2105938058812
77.8977889153175
78.5675752749667
79.4661530749872
80.7654885386582
81.9122599598486
82.5638050374109
83.4274578203913
84.7208474781364
85.37115243054
86.0521317950916
87.9393491258379
88.6423491358291
89.7516346185002
90.0616055196151
91.8196949223056
92.9586913522799
93.9437397178262
94.5569208892994
95.3942436613142
96.3723254271317
97.0250538911205
98.415894695092
99.4878724433947
100.915392911993
101.18033108674
102.44061195734
103.357145300601
104.38908517384
105.305627477355
106.024108110229
107.107862050412
108.914861227619
109.957453595707
110.207178106532
111.140612701187
112.070145509671
113.801308233291
114.557479669573
115.26162996958
116.853018783499
117.954466442578
118.420520445332
119.56583898142
120.374772461597
121.307890289463
122.479777143802
123.215256185504
124.054029345978
125.608363696374
126.369463664712
127.548559340648
128.66792279901
129.876890761079
130.411472307984
131.928072458366
132.448582071345
133.890511955135
134.152699678438
135.532327113207
136.431641875766
137.149733697996
138.355194527423
139.670810948825
140.972183965379
141.755554370815
142.426931827562
143.393526643515
144.522835704032
145.604467751691
146.877260134788
147.638923838269
148.361503007356
149.670915031806
150.688623025548
151.954863399267
152.490538948914
153.801877327962
154.087837049272
155.917261636117
156.868485476822
157.049340861151
158.300917462213
159.394455336267
160.118386102142
161.995836770628
162.17322090175
163.595967181027
164.162726963405
165.658377846936
166.185521488544
167.172023177845
168.985336281126
169.844808403635
170.466372989118
171.777834588196
172.087313425494
173.813156251796
174.854784579016
175.973846482811
176.877696836367
177.532614518655
178.008761153556
179.826327109942
180.650486488361
181.622640989954
182.121336206794
183.685629515909
184.113723735558
185.909966972889
186.853403130313
187.328452478163
188.231501230504
189.84775478486
190.975056291092
191.259136859095
192.817555508111
193.512767335633
194.996906616492
195.866364170332
196.874062251532
197.4947693469
198.662623633165
199.747839259449
