0.951990004861727
1.31472846725956
2.14556433958933
3.73956687375903
4.6427254609298
5.18302408372983
6.90808826056309
7.63557267817669
8.3246170990169
9.57976981415413
10.9616376576014
11.6086449630093
12.0728115602396
13.159385607345
14.4494295341428
15.07984223729
16.3745542147662
17.5208012389485
18.2440577296074
19.576159581542
20.5928236788604
21.7791007952765
22.3718688478693
23.0271392147988
24.7517272131518
25.6203186747152
26.2694342995528
27.7260105728637
28.3779802899808
29.2154405906331
30.6147344317287
31.2839544157032
32.4312734564301
33.490577952005
34.0317787106615
35.5013733885717
36.8319269707426
37.496380088618
38.5507434902247
39.812390441075
40.5833096329588
41.8001486754511
42.5803150765132
43.8421351888683
44.4064780345652
45.5878706623334
46.9325630366802
47.2244792261627
48.3767819926143
49.1618947377428
50.1187011096627
51.6043878388591
52.6309349422809
53.2308275150135
54.163883414818
55.6122495159507
56.9482175863814
57.4272232993972
58.4851466226391
59.8220694009215
60.2049675791059
61.6829354369547
62.8678430002183
63.8470029025339
64.3588174232282
65.8894840332214
66.0680756650399
67.2176342280582
68.5569108470809
69.235558051616
70.3665940018836
71.198854490649
72.3924691556022
73.4896778452676
74.0955637269653
75.6267287742812
76.8131058751605
77.4443590431474
78.5411373823881
79.2716171236243
80.255891112145
81.4011950157583
82.304641464958
83.0729156879243
84.5372666129842
85.9418995163869
86.3182172046509
87.5233886693604
88.2380042634904
89.4427572095301
90.109433346428
91.897379106842
92.8469863526989
93.5525104808621
94.1959368502721
95.4303251998499
96.8511381568387
97.6558285790961
98.1593964970671
99.0066989783663
100.846540525323
101.831056564813
102.906408985844
103.996638862882
104.15824503731
105.802593094064
106.480631184066
107.777547148056
108.555726458319
109.91588170547
110.603312251158
111.47484923224
112.310819738312
113.947951040929
114.65354428417
115.745839652605
116.0848573572
117.151189672528
118.096438328503
119.21894370066
120.667975307442
121.705319696339
122.945466646925
123.179751798511
124.138384563848
125.516771597089
126.668150353478
127.412945498945
128.842391878832
129.18959515891
130.434671637602
131.904857101152
132.834478513338
133.733613303397
134.083213211969
135.049109458458
136.863700892311
137.239241679199
138.588839646429
139.315117272316
140.332048853626
141.350518628024
142.844755694503
143.565191160189
144.453373534838
145.378883349011
146.113999497844
147.270093355095
148.518239215948
149.309393880423
150.08811281994
151.534503791248
152.620030652266
153.744057923323
154.260908956872
155.066840172512
156.027361450018
157.417271198938
158.819597207941
159.666949929669
160.858983820304
161.38326115231
162.393110763747
163.296192434849
164.137806011131
165.261563168839
166.718812137609
167.96926534432
168.355971718207
169.782693705289
170.865204316564
171.78447215585
172.803852924146
173.267816198524
174.267988338601
175.56335375132
176.225566174835
177.628573977621
178.338192666182
179.974829963408
180.826053592609
181.273735736497
182.346178472508
183.540126381209
184.27634299011
185.795278132195
186.874671749538
187.464138095966
188.552153966157
189.663380864775
190.534744083881
191.219628396211
192.535822814098
193.527457660995
194.206163799856
195.171933646081
196.6718034558
197.818587847985
198.04254145734
199.400613575941
64.5879809141625
66.2528891689144
66.7764926315285
68.312252184609
68.7834692760371
69.529219295131
70.9398135263473
71.9015087052248
72.3661199500784
73.5346657959744
74.8054199581966
76.0683524503838
77.1131378244609
77.8386304785963
79.2151644234546
79.8122007073835
80.7696009411011
81.9430182653014
82.5655254344456
84.1011483222246
84.6378129916266
85.579845899716
86.662464230787
87.6156476729084
89.1979749037419
89.7621721397154
90.4786757791881
92.2103663929738
93.2024010822643
93.8450757069513
94.6672518011183
96.3466121163219
96.7253550407477
97.9802805555519
98.9441037133802
100.228228746215
100.947611946613
101.954704632284
102.924334855052
103.864448905224
104.807555255014
105.530945106409
106.748306090711
108.291995920241
108.635145626264
109.969612682704
110.983074978227
111.832380505046
112.779201970203
114.281561491312
114.554797149263
116.096949091647
116.894389371388
117.594348388026
118.709877785295
120.011256379541
121.135920779314
121.95855372306
123.23039696808
124.343253572006
125.247269459534
126.130949605955
127.191700106487
127.940044160234
129.046780590899
129.436288176803
131.331098698312
131.866157782031
132.901503779925
133.701207970502
135.28578069224
136.063681471627
136.542505208869
138.132366390666
138.367276156321
140.314060056349
141.038319176529
141.460923521547
142.786791429855
144.004926277325
144.520239654696
146.153620098019
146.892402779311
147.910157186911
148.792829481419
149.651900226017
150.742262495914
152.270035129273
153.188862697687
153.458447447512
155.167130472604
155.421076410683
156.675124122063
158.159286083421
158.617051914334
159.752620609943
160.375182523392
162.024133759318
163.106754925102
163.621213126695
