0.515123377554119
1.09992065513507
2.35919967014343
3.86109846248291
4.35559951211326
5.27312223589979
6.84465240989812
7.21224773814902
8.66511548962444
9.52398466714658
10.8623629102949
11.7797491864767
12.5249721677974
13.6981307601091
14.1001572841778
15.7137157754041
16.1611888436601
17.1482521137223
18.1765526351519
19.5174327443819
20.1892816419713
21.760413414333
22.1599657605402
23.7569414547179
24.4391852011904
25.5752296687569
26.3622122665402
27.4449088466354
28.7348596302327
29.2400882826187
30.0921513182111
31.3673901692964
32.9551228552591
33.4063789765351
34.316674064612
35.2929620984942
36.7022565733641
37.2218778331298
38.6266120418441
39.3621631616261
40.5883173346519
41.6461366014555
42.2810686808079
43.8852978590876
44.8839236134663
45.5757217621431
46.4594301788602
47.0952597502619
48.8693794729188
49.5653844117187
50.4181248920504
51.5507059970405
52.2469033410307
53.4674105257727
54.8864517493639
55.7296237943228
56.7725206092
57.5854164198972
58.7631120996084
59.7489364147186
60.1657967090141
61.1331371450797
62.3611418143846
63.226609951118
64.6963412412442
65.8778719739057
66.96638910193
67.5720734528732
68.6083133826032
69.5340407025069
70.5860930248164
71.1420480115339
72.5125700649805
73.8872856679372
74.877012795303
75.3366914505605
76.7340461080894
77.5886565975379
78.7263227277435
79.0976120284759
80.9370615417138
81.9594657346606
82.5455251086969
83.9906271582004
84.3280387173872
85.7918501354288
86.3596608191729
87.0300498045981
88.6630260660313
89.4940853978042
90.7393786441535
91.2462641783059
92.0570509778336
93.5408491122071
94.8416739613749
95.0717377641704
96.2075808702502
97.5659019115847
98.072376080323
99.2546593588777
100.119440851733
101.408171671443
102.663892000448
103.985106542008
104.764905604534
105.603405223694
106.088569076266
107.955183668295
108.249125360744
109.151830420829
110.753043391975
111.614121669903
112.427205609623
113.053524433868
114.191793222679
115.247880791547
116.543729651952
117.636020245729
118.405174939893
119.20323559572
120.527163380524
121.091644070344
122.256206508027
123.416977002518
124.974276667694
125.606336240424
126.342918948969
127.852319246391
128.388696421403
129.069965427276
130.205466296757
131.686182996491
132.708208383061
133.311874119099
134.826277934015
135.428117407952
136.584736972349
137.58838038682
138.660066538258
139.758340253495
140.919302162947
141.906301845331
142.06422958686
143.74200926139
144.398779427167
145.677383314818
146.471184686525
147.75809950172
148.625284883427
149.608486241661
150.3957250854
151.596464049537
152.013732865453
153.131958080223
154.467566172825
155.021630164003
156.082123937551
157.659784046467
158.6731666571
159.29495734605
160.282269052928
161.865367389051
162.09155711811
163.606674107257
164.502139935503
165.473353088368
166.695777822752
167.809549831087
168.930224075913
169.684829583857
170.725628574612
171.66872968548
172.25110809016
173.166780178901
174.930717974901
175.388212703634
176.168052763911
177.923733552219
178.784471113235
179.393324141391
180.219098919537
181.169557266869
182.812796129379
183.383303686511
184.324052206241
185.33972293511
186.412581572775
187.42560041626
188.421726821922
189.626350102248
190.416904682294
191.615337724099
192.276789784897
193.172226856928
194.845540569164
195.77468387736
196.161559656262
197.708829644369
198.823287614388
199.475859319791
