0.593268509721383
1.41977748600766
2.13001755042933
3.56215881905518
4.85776229249313
5.18259005062282
6.24502306943759
7.69932260690257
8.36533207865432
9.4419906528201
10.3856799225323
11.8123825492803
12.9634550216142
13.0676485397853
14.8710560924374
15.2998511891346
16.5307348663919
17.9016893347725
18.1019247942604
19.355318499729
20.7060110946186
21.7357413272839
22.5882133999839
23.3727387075778
24.9250709810294
25.115171945421
26.5360828847624
27.202313990565
28.9789251901675
29.6423268287908
30.7622417584062
31.5920403555501
32.6010502122808
33.1075666742399
34.8225149102509
35.3685404292773
36.3918923800811
37.366651319433
38.9098245548084
39.3213293345179
40.1949640959501
41.5595565582626
42.9803473830689
43.9824166705366
44.1108405659907
45.6316902756225
46.1716041883919
47.6606962720398
48.2611687730532
49.3159216111526
50.5128256024327
51.6760438685305
52.7463103774935
53.1185848747846
54.8670335640199
55.993850868661
56.1017975872383
57.9331520122942
58.9591468975414
59.2832245521713
60.6884344739374
61.6514970923308
62.0299895810895
63.9993895257358
64.909987345105
65.9988278048113
66.7378091488499
67.2405533653218
68.560038655065
69.9309076385107
70.0700552721974
71.3314283881336
72.9132309751585
73.6654158825986
74.1745400305372
75.1527301592287
76.2949248356745
77.2320242926944
78.2669864483178
79.0084433536977
80.0888484271709
81.4792254164349
82.2394371244591
83.9257487230934
84.9214865779504
85.0566169808153
86.6672162509058
87.3492735843174
88.302834645845
89.5662705267314
90.0518870728556
91.0650709164329
92.5082613287959
93.1612435935531
94.5797643461265
95.3727598262485
96.067236283794
97.9650967738125
98.2252785144374
99.6840726633091
100.540963851381
101.102064460283
102.718647602946
103.204205072019
104.104978845222
105.188531128224
106.512231586501
107.76035963418
108.559056386352
109.612664392916
110.955176851479
111.718679342186
112.21281012008
113.870379034895
114.005138464272
115.568138156319
116.822835010011
117.786741134711
118.612760420656
119.288465740858
120.670286606997
121.428610888543
122.209306479199
123.100135373417
124.388772029197
125.40730606229
126.386166294338
127.23667807458
128.466788498685
129.158134482801
130.961806816515
131.191021558829
132.098533774493
133.4546990362
134.297197179869
135.938817394897
136.083271969808
137.024297732161
138.748584813904
139.871520705055
140.826903053559
141.750101861078
142.904060234316
143.439977750415
144.458884223597
145.765467635356
146.556003418518
147.738124857424
148.815724263666
149.346665483201
150.731618913822
151.120965565089
152.261498809559
153.738883676939
154.508375917329
155.657751406543
156.665989849018
157.01475827652
158.266949839657
159.076564521762
160.757959187496
161.267641183455
162.043586324202
163.584248699481
164.399104346056
165.450195893412
166.345112614799
167.959958807565
168.761540801032
169.411136927316
170.441146250581
171.998356617521
172.585046119988
173.680785865756
174.593642820371
175.950226049637
176.39995804918
177.045224148082
178.290612045676
179.175214931369
180.894985974999
181.44572644704
182.972376106773
183.390004760353
184.320646325359
185.764282579767
186.227533691563
187.180271824589
188.798077810789
189.276333174435
190.622525782092
191.024260359816
192.857122819172
193.229069920722
194.949929841561
195.642607986927
196.131852295017
197.599225505488
198.541164020076
199.56666838727
122.488146085059
124.005772920558
124.744556080084
125.448726401199
127.102101759985
127.576684506843
128.478247366147
129.374297069618
131.105743533699
132.009415104752
132.36103275558
133.44947200641
135.154835524969
136.001871365355
136.870737782447
137.827262375737
138.631914201425
139.492304915795
141.151357647963
141.958218312589
143.194936736953
144.138698656345
144.581009850604
145.878482910339
147.192744557513
147.890249589691
148.665658115409
149.481308677467
150.556385904783
151.487128545763
152.87169205863
153.843622531742
154.494307856541
156.069846912986
157.208157326328
157.425322884927
158.353615037166
160.129017432453
160.456135894638
161.697999799158
162.266035704874
163.472209412372
164.497364968061
165.642500163754
166.267328722402
167.586649511941
168.269541803515
169.311505508842
171.182639454724
171.507358786417
172.888198639033
173.908679859713
175.177575870883
175.464331617346
176.929396077758
177.371686419705
178.268659454305
179.741014875704
180.900305575924
181.358953452669
182.228757628938
183.329230334144
185.07293468155
185.806128527969
186.534885959933
187.94404170569
188.225669024978
189.774473970756
190.820955729345
191.326625316404
192.40850365092
193.494337706128
194.685601974139
195.738722509006
196.726689293282
197.456791332457
198.720709238434
199.556635783054
200.272853398696
201.553349254187
202.267364541534
204.004002478207
205.103652233491
205.918952534674
206.744161189301
207.977186323609
208.646067299414
209.838429327123
210.271895852406
211.234400855144
212.381422185572
213.555820586625
214.220174036687
216.097230534302
217.126748478506
217.433990084566
218.256518859882
219.861803555395
220.403483849717
222.085099403746
