0.301663762889802
1.74378672428429
2.008602732094
3.67650166107342
4.6282886620611
5.95148839661852
6.04458912322298
7.72296327212825
8.96319764433429
9.58872362761758
10.7972956935409
11.5810600819532
12.5277874872554
13.251862968551
14.2816799099091
15.6240302086808
16.0330205985811
17.2928218797315
18.4698167773895
19.1073499300983
20.5546553186141
21.3281014759559
22.4449762641452
23.1513245324604
24.2050208786968
25.0028382232413
26.550171950832
27.5824543950148
28.2871524000075
29.2128185995389
30.159869606141
31.4540136791766
32.5628009045031
33.5632745784242
34.4443569448777
35.493868900463
36.6053325179964
37.9233676223084
38.7727957649622
39.8699230947532
40.5555424187332
41.1928056729957
42.230354732601
43.5325105329975
44.5628677739296
45.3755546719767
46.2172914994881
47.1202051753644
48.5671600552741
49.2433163297828
50.8556663235649
51.4709451068193
52.6138668581843
53.0406345666852
54.6692172551993
55.691322874045
56.6571098768618
57.464794513071
58.1704448196106
59.9528105652425
60.9727076063864
61.779406681424
62.8319600159302
63.9955764634069
64.4696508292109
65.8792340301443
66.1694131267723
67.9977217800915
68.6200832962058
69.9249436540995
70.0612100770231
71.7087014026474
72.1459590792656
73.7412673998624
74.1311218494084
75.8005572159309
76.2157079959288
77.0991289687809
78.6724105777685
79.4363040172029
80.4941436136141
81.8979015084915
82.3288357821293
83.4440319002606
84.5922031644732
85.8206655827817
86.5695764550474
87.6762082327623
88.0471193639096
89.8210352547467
90.1978409821168
91.8935140639078
92.8704411415383
93.2330489668529
94.4878508055117
95.7472788237501
96.5140543079469
97.5234998313244
98.581762412563
99.336316663539
100.115358211333
101.421398333041
102.445420640288
103.96099538845
104.346159909153
105.015683519654
106.806146610761
107.493625152158
108.309718295466
109.108081122627
110.978664131369
111.348342896206
112.856984567828
113.695342430146
114.261594880838
115.253397771623
116.035917711677
117.99652248132
118.866044045426
119.776046352228
120.727007054258
121.296975717181
122.9990139273
123.58144378406
124.090766594745
125.85404089978
126.811698281206
127.96530692419
128.277726090048
129.089519002708
130.783997956663
131.247459506383
132.808876525611
133.460058510071
134.81537122
135.98219128605
136.112886219518
137.009078852599
138.455848577665
139.845151399262
140.35558312037
141.18670690502
142.694768381771
143.46531221061
144.714271286968
145.237490434432
146.441433934495
147.526020141551
148.611571824411
149.001801356673
150.489392303163
151.650919788051
152.775349593721
153.783723730361
154.42262575333
155.879533114377
156.702173077269
157.430922433967
158.657669365406
159.790784400422
160.809234882472
161.890093970811
162.221327391686
163.75346987159
164.502695024945
165.492553543998
166.129775264533
167.741950845812
168.085944171529
169.18386843265
170.172857487109
171.913170458749
172.554862160934
173.337872531265
174.296255100053
175.982405147515
176.284855189733
177.334027898731
178.849315525498
179.898603539448
180.679810371017
181.44413589756
182.440226265695
183.626110217767
184.987649414223
185.445725337835
186.455975409131
187.240180303808
188.522354756715
189.261582650943
190.63542846567
191.888966253959
192.608714776346
193.293321536854
194.547414650209
195.460557642393
196.229090976994
197.729139749892
198.87186667067
199.227895443793
81.4470776421949
81.7247796691954
82.9836949440651
83.5081616924144
84.5620508701541
85.6527677245904
87.2869550755713
87.8756493502297
88.7305754905101
90.2104701232165
91.0162808706518
91.9727207517717
92.880834931042
93.7608635600191
95.0054461346008
96.1879481074866
96.9449365995824
98.1211659468245
99.1663329473231
99.8800952828024
101.417396252509
101.77731042495
102.836546945618
103.66589368647
105.227251506643
106.309146133717
107.153890591813
107.575487996684
108.576544985874
109.920807420276
110.800541856326
112.421973273391
112.777117287042
114.084373114631
115.420582082123
116.08365676133
117.249534845119
117.805322554428
119.294283323223
119.740248845192
121.153808615636
122.087736065499
123.419626946328
123.860097683268
125.001814673189
125.758945381735
127.396211138228
127.829734169645
128.687443976058
129.70101066865
130.575633921893
132.144700274337
132.878166407114
133.772447460797
135.438064131653
135.917177990312
136.769429447362
137.960800278699
138.862054785714
139.531694929581
140.891794347204
142.38726812508
143.190329992445
144.455699486425
145.311713810777
146.036945975386
146.98720748187
148.137700597756
149.317749977112
150.406071706442
151.451818105998
152.093309088144
153.404609687161
153.568110802909
154.915412877221
155.722442128696
156.499289773405
157.640795904212
158.792468817439
159.975832255092
160.640393757727
161.984153400874
162.551143702818
163.539883990539
164.554835806368
166.258807088947
166.970625379356
167.498588590883
168.896381879458
169.96816121554
170.542092539137
172.493260649964
173.157115834532
173.543465592666
174.953421589686
175.63421677961
176.9209546973
177.637986168964
179.044604075141
180.12202943326
