0.34286693111062
1.91898388555273
2.28464621421881
3.7142769950442
4.40056176064536
5.07411925680935
6.87786179571413
7.23293880396523
8.25325277680531
9.20679809618741
10.8705689848866
11.6801857382525
12.8348945791367
13.519276937237
14.1491746895481
15.8220348164905
16.8163883821107
17.4512370310258
18.9141989932396
19.5645917039365
20.260281820083
21.5063688696828
22.4361598601099
23.4463676463347
24.5486770062707
25.9670003606007
26.5551883156877
27.2396187142003
28.8470503059216
29.1653631234076
30.2271147377323
31.1003266442567
32.1083400596399
33.527771712048
34.7620395626873
35.2878604717553
36.6098904614337
37.3144793226384
38.1472233047243
39.1898050657474
40.1673476714641
41.0331838852726
42.1769320389722
43.7613658306655
44.425930792233
45.7032873029821
46.1082863188349
47.3589576757513
48.6099157389253
49.5622337262612
50.8239789381623
51.5665976929013
52.2602040416095
53.0540778518189
54.5366444264073
55.2361096392851
56.3021563489456
57.2430797768757
58.7618601741269
59.2531904673669
60.9257934005
61.6163145240862
62.355202682782
63.4607956479304
64.1969490703195
65.248029805487
66.4429489751346
67.2581657494884
68.2088469809387
69.4168641990982
70.0562275175471
71.5532203661278
72.1731384734157
73.7567193435971
74.0680293808691
75.443391938461
76.8980787238106
77.9825584760401
78.6112086805515
79.1016981482971
80.2574091593269
81.6164543444756
82.1973830836359
83.5840962054208
84.7854900134262
85.4167396298144
86.0278674031142
87.2506848757621
88.2210295151453
89.2392190287355
90.6574092605151
91.024961032439
92.203536700923
93.1634583582636
94.8890918793622
95.6729593281634
96.5407846069429
97.7578695921693
98.5420635745395
99.2435582620092
100.985715824412
101.198042358505
102.155130466446
103.138126435457
104.869182878407
105.775910858065
106.355719858548
107.445545147406
108.58104991517
109.709139937302
110.945643251529
111.29677183344
112.432603940135
113.020278191427
114.092554522911
115.982876166003
116.245419704122
117.446150717791
118.312814801233
119.388975939248
120.505168397678
121.118681101594
122.188625117298
123.666988003533
124.278139509959
125.622859948082
126.243165650871
127.964385626838
128.097722479841
129.623206357472
130.446077509085
131.45534237125
132.989892782643
133.402495775837
134.262248809915
135.693343987688
136.818246150855
137.312208480667
138.30895595788
139.638820957858
140.272919402923
141.100712594809
142.410658844048
143.29254459287
144.736582491547
145.91044775676
146.052713726647
147.967839533929
148.001719966764
149.633520568954
150.594323845347
151.01290256856
152.823347042315
153.257683840813
154.732718279352
155.413471911568
156.234834455885
157.687470283359
158.165534002706
159.122231250163
160.251648803009
161.368659055792
162.10506876139
163.090145175345
164.615911379922
165.572853350081
166.992183687864
167.833913349081
168.53008079459
169.757408143254
170.875333745033
171.593876017025
172.439454142004
173.785778691759
174.619117844151
175.436418893049
176.69656469929
177.475310516777
178.764448430389
179.397065030644
180.700160990003
181.307773665525
182.658612463856
183.01223936351
184.347109275637
185.619637196651
186.600523000816
187.661493602674
188.923793719616
189.783683659276
190.208426145371
191.10883511859
192.104666277999
193.538141611032
194.177710687276
195.012068334268
196.251495698234
197.150664331624
198.633347870316
199.520378245972
