0.0500928976107389
1.8412152021192
2.22989056655206
3.71010259445757
4.15418298123404
5.46686959103681
6.88780843815766
7.86092325625941
8.20816682302393
9.10932563291863
10.3953028519172
11.180019098334
12.1461046754848
13.4068937886041
14.3929011540022
15.2999892048538
16.4877963443287
17.1778297384735
18.9394872344565
19.0131418481469
20.6874484182335
21.5977068925276
22.4234873303212
23.4564075050876
24.1871029629838
25.7150876435917
26.926186603494
27.981404625345
28.6336663377006
29.4625173571985
30.7051308520604
31.3358938794117
32.6329350075684
33.0073276429903
34.7770733737852
35.5435688663274
36.8198881512508
37.9989162883721
38.4444375785533
39.9230958770495
40.0002192619722
41.6867601771373
42.4751746619586
43.9741685499903
44.4985235386994
45.9375978340395
46.315891668899
47.7815844768193
48.4369472754188
49.6234248999972
50.9572775978595
51.3451622033026
52.6860626125708
53.3243719644379
54.9851982968394
55.0956865530461
56.6152732023038
57.3930712128058
58.9027741395403
59.9291179415304
60.9653995842673
61.4738332747947
62.665566309588
63.3166631257627
64.7346719673369
65.9200312406756
66.9781591459177
67.0418046689592
68.9845120613463
69.64366970025
70.540743483929
71.2131910447497
72.8764934872743
73.1458522567991
74.9814840788022
75.235009086784
76.7982393265702
77.539677262539
78.6563102561049
79.0398355042562
80.08913115412
81.5764914515894
82.5090274713002
83.6432791156694
84.1879557834473
85.7208917781245
86.4267313065939
87.037279172102
88.2275177286938
89.8898689483758
90.2906498741359
91.703881806694
92.8856618038844
93.8301211898215
94.917510810541
95.7016380652785
96.5505402875133
97.7862641231623
98.1486512846313
99.6164830089547
100.222973724129
101.239963286556
102.553186277393
103.296135088662
104.831074237358
105.378771438263
106.144432981499
107.870368365664
108.427192259114
109.519188140519
110.822574157501
111.706226282055
112.202482410707
113.655136741232
114.857631535968
115.475503567839
116.376963512972
117.31457834621
118.911502714967
119.987812846666
120.425435809884
121.476852309657
122.872952981154
123.756911872188
124.278190316865
125.744010630995
126.013717909111
127.857714651851
128.672175105195
129.210348719731
130.250002992805
131.297126040561
132.409810255049
133.93472537538
134.025057358667
135.155822461471
136.384367068997
137.903315690113
138.74051738251
139.404069825774
140.203239570605
141.109776356257
142.344219151651
143.530291435076
144.243027708959
145.608074712567
146.574720674194
147.81220764271
148.964768079109
149.57458690065
150.934979232494
151.725414918503
152.348809458083
153.469153838232
154.621853873134
155.446549888235
156.242042722413
157.82098303386
158.826006026939
159.153048388893
160.734426322626
161.251839382807
162.728288876358
163.187955923378
164.276457438711
165.777659423649
166.826584505383
167.365003450308
168.697228312958
169.967478114646
170.980167120462
171.652531592175
172.160357842455
173.356355738593
174.777046384756
175.822443647776
176.933473055717
177.134224911453
178.594283102313
179.498963521095
180.237930536736
181.21042416268
182.511851329589
183.476173384348
184.594536838587
185.174529297743
186.286965413252
187.326331064105
188.012519428274
189.755900570191
190.777447946137
191.552240348654
192.629775037291
193.542708842317
194.38071046304
195.123706952669
196.71945587243
197.174495728454
198.803417727817
199.262040154543
