0.727573534473777
1.17848523287103
2.84919328568503
3.7877228455618
4.71105107408948
5.96972466609441
6.17890920909122
7.09236044436693
8.6236161289271
9.32762431935407
10.8650976356585
11.6007721037604
12.9533779122867
13.3840803571511
14.6742996515241
15.2142461636104
16.7645275329705
17.8773483412806
18.9986850100104
19.8393892368767
20.0307903992943
21.3340819671284
22.3810657875147
23.1055160365067
24.5211037190165
25.9541861568578
26.073204229353
27.9476871837396
28.6757139284164
29.8153067596722
30.8712202867027
31.8093745610677
32.6399042569101
33.227845878806
34.519512218656
35.5708383463789
36.2539911814965
37.0861950735562
38.8308741969522
39.693560939515
40.2743641594425
41.9109239967074
42.1017656824552
43.6461099258158
44.1874885680154
45.7758727166802
46.4864403780084
47.3829887155443
48.5546263053548
49.8468071543612
50.3300123694353
51.1791409554426
52.9137750740629
53.2576337284409
54.2921363646165
55.2440601871349
56.9536753396969
57.0899362086784
58.1082621819805
59.7388987934683
60.4505884780083
61.4016519219149
62.6187101243995
63.6090227859095
64.6753615122288
65.9732911805622
66.1711828052066
67.2277103317901
68.2169245912228
69.7332681943662
70.6554857322481
71.992054968141
72.845078862505
73.6366704155225
74.0566954121459
75.3478165841661
76.3006819740403
77.1221790756099
78.3342129851226
79.6996769681573
80.3688850321341
81.6051558102481
82.9444577503018
83.3893894525245
84.9088020003401
85.6911477884278
86.8905961054843
87.8014827303123
88.3634450882673
89.5692160052713
90.7673494850751
91.4126758761704
92.2506875747349
93.1332331942394
94.8686301610433
95.1398846264929
96.5812311794143
97.6609660685062
98.4118830009829
99.5081368440297
100.472699329723
101.901358240983
102.928592171054
103.157059950288
104.703870376572
105.1823882272
106.05376740545
107.656935421051
108.742585948901
109.674913445255
110.724338281667
111.103556574322
112.375290245051
113.453364880756
114.776076137088
115.449202529155
116.888812493067
117.483013533987
118.606426261133
119.063409342198
120.576347460272
121.866801250726
122.876476588659
123.461209893692
124.278839509701
125.25336443889
126.923124090536
127.187604180537
128.719495190773
129.385584042175
130.86787433736
131.29808995151
132.65840544831
133.158084690105
134.659897237783
135.416200970532
136.164674133761
137.34233864001
138.03601215384
139.407456839923
140.210184600437
141.285984454444
142.383543491364
143.26010128879
144.699795129243
145.597932564327
146.505127611337
147.808349281084
148.215797144687
149.565880818991
150.52244055667
151.15027937945
152.727108333027
153.053610984469
154.478641489521
155.080910267308
156.494107170263
157.981777433073
158.945225686068
159.695303273387
160.347983385669
161.69359915494
162.582634236198
163.578374087811
164.082857560599
165.661902970867
166.168589968234
167.613811125513
168.099536379334
169.109245680738
170.531617053319
171.586614248576
172.393530640053
173.532741271658
174.395444268826
175.32667101617
176.365437472938
177.681922255084
178.147056575632
179.86529267719
180.024111626903
181.50609956705
182.624065773096
183.702662359225
184.936108959839
185.511319835437
186.475439599017
187.653011304559
188.312878641533
189.959741208237
190.690122868167
191.113905172329
192.098912581801
193.894480381394
194.126876066905
195.437967998208
196.667440835619
197.5111098669
198.854373527225
199.827405297197
