0.800988916074857
1.62271791324019
2.74874214292504
3.08105620183051
4.02616145531647
5.65528250997886
6.42560196621343
7.52418150613084
8.02592718112282
9.1877648991067
10.4014066953678
11.6378309964202
12.4825056712143
13.7654160161037
14.2126352838241
15.4523417691234
16.2105988143012
17.3762361023109
18.178236104548
19.5051499230321
20.7407178364228
21.8229088324588
22.885951705277
23.7671573664993
24.8056767228991
25.7316989139654
26.6231585850473
27.5433992689941
28.0454779204447
29.8970938643906
30.2147914522793
31.8329237159342
32.4394157668576
33.3945475600194
34.1679242008831
35.279400969157
36.8058849873487
37.3465725849383
38.5912818082143
39.1517102140933
40.9177729212679
41.1321051067207
42.2313684464898
43.7046192309354
44.036161448108
45.2262333314866
46.0556998932734
47.3288225659635
48.6029795291834
49.4713253621012
50.2204806171358
51.7605857234448
52.1320859824773
53.5975734991953
54.1902078965213
55.9304846627638
56.1309608588926
57.3101236235816
58.1733713820577
59.6172592814546
60.5690990968142
61.7910681995563
62.3193138267379
63.8426084613893
64.7448888223153
65.4362245092634
66.6889394349419
67.1013501842972
68.4273486267775
69.122336800443
70.1899983684998
71.9225529185496
72.9788563230541
73.4981120640878
74.2395645822398
75.1964495209977
76.5001248768531
77.2076790698338
78.7549582233187
79.053219898371
80.9292679938953
81.6543111391366
82.9799792333506
83.0658681532368
84.1967984298244
85.7879180151504
86.2161269229837
87.0754083434585
88.5261575393379
89.9623691709712
90.9202968832105
91.0973833699245
92.9955596090294
93.7787912474014
94.6372750138398
95.6990003495011
96.1482868753374
97.8036418398842
98.848895709496
99.7964065126143
100.768412356498
101.270694609964
102.584431127878
103.423473063158
104.563277633861
105.52814604505
106.492422075476
107.650917024584
108.165139978519
109.393664249452
110.414012033027
111.736604173668
112.264994852245
113.698323291494
114.137619861402
115.35535220406
116.04497039807
117.808262398932
118.869963115081
119.313191774534
120.343475181609
121.186108356109
122.653078820789
123.280428973259
124.389832125278
125.571577059105
126.989495897666
127.775496370625
128.77606374817
129.593452935573
130.650458935648
131.818614791613
132.696883929428
133.883322982816
134.616419983562
135.236567156622
136.742658039555
137.990572692594
138.298607451841
139.718843233073
140.512894197367
141.263824167429
142.220114441123
143.894455207279
144.071811558679
145.753477468621
146.214437229326
147.190876835492
148.299362282502
149.402719223173
150.009682029719
151.06701843231
152.841717260191
153.602593383985
154.448937338311
155.100437331712
156.612517384114
157.445971624693
158.907193538267
159.617864225758
160.217594566057
161.237970280461
162.972569224657
163.34841753589
164.54576402274
165.906596365618
166.196913735941
167.511725383811
168.637408362934
169.455568213714
170.766980949091
171.102894460782
172.373335995246
173.498429330066
174.935497280443
175.896819658577
176.057985088555
177.288486362668
178.230411812197
179.460855762241
180.302987553412
181.140531746438
182.320937583689
183.759670716943
184.158526133746
185.072262585163
186.238951450447
187.695521130925
188.343188042054
189.179394639796
190.077961707255
191.18925466924
192.176949933404
193.541061946424
194.758792688604
195.595669807401
196.666051213164
197.436358045554
198.910680792527
199.668047016487
