0.150060777086765
1.38977104914375
2.29337678826414
3.82112519280054
4.2424317614641
5.28334060776979
6.36765443882905
7.18179846508428
8.48805900593288
9.04906287021004
10.6286471858621
11.1879365956411
12.3249353605788
13.1049102540128
14.146035045851
15.1016790345311
16.3017539046705
17.004494714085
18.8620448256843
19.3675916115753
20.4103159008082
21.4650856438093
22.9636188112199
23.2600357844494
24.0514521885198
25.7765290935058
26.3419405655004
27.3243617285043
28.3591380543076
29.9510924546048
30.7313447757624
31.7318804343231
32.098533697892
33.6443997984752
34.4429770722054
35.1133894815575
36.0757698558737
37.0497976238839
38.5663621174172
39.6888099529315
40.1303584843408
41.6030197492801
42.0864312360063
43.9922820657957
44.0926734944806
45.6585960926022
46.2741566547193
47.598245063331
48.677812211914
49.3511596494354
50.8537069938611
51.1706802230328
52.9060817572754
53.1949640687089
54.7944056398701
55.2102680681273
56.0768476403318
57.7228274925146
58.1594885976519
59.0818610689603
60.5581700445618
61.2057042031083
62.0180362849496
63.4893657036591
64.0720077559818
65.3679686472751
66.3841531479266
67.5881285569631
68.2134533706121
69.4387934110127
70.7787092283834
71.7042444613762
72.4612094406039
73.5388965567108
74.738005193416
75.3772565135732
76.2083847338799
77.4367502697278
78.7177591572981
79.7500830346253
80.2139362450689
81.4467132845894
82.3047848856077
83.0828176054638
84.3998921946622
85.494716102723
86.6865611893591
87.9509527273476
88.2315722606145
89.9545615157112
90.1222193068825
91.6669880435802
92.5385018908419
93.0100687267259
94.0886582226958
95.0201303092763
96.4465518835932
97.1564166380558
98.5490681403317
99.0381265755277
100.572630743263
101.329594717594
102.010509198299
103.84668632946
104.411389691988
105.048704173416
106.001669456018
107.031513177557
108.566293970449
109.286401028279
110.809469486354
111.220108621987
112.991374567151
113.116572790081
114.574778060429
115.724796080962
116.230912427651
117.484579743817
118.651085732039
119.698624941753
120.330629395088
121.536746106111
122.907705116551
123.23360592057
124.579575184034
125.702537098434
126.027974020224
127.161963310791
128.431251199916
129.363968639402
130.147132541984
131.276818499202
132.336962499656
133.690176250646
134.405388821149
135.958081718767
136.787528166315
137.937517756596
138.408953940962
139.376393060666
140.638792426093
141.813695599558
142.085357719567
143.715353133855
144.850313216215
145.67523082532
146.85832540039
147.688555675326
148.401699674781
149.807556828018
150.545295305084
151.851958751213
152.049015179276
153.063324978808
154.204615221359
155.919344923925
156.939014680451
157.557232004358
158.046583581949
159.828300114488
160.174387292704
161.335487949662
162.26976203057
163.96849365253
164.301841161912
165.237234575674
166.844334186986
167.453465004219
168.965302953497
169.967214570846
170.181689928519
171.636751521844
172.587791822851
173.455406731227
174.07649035356
175.441116188653
176.725801366149
177.920728586148
178.449650228722
179.737030459335
180.633011061233
181.876995278755
182.849635992432
183.723578247242
184.975562339881
185.612054722151
186.820044362452
187.313988692593
188.108163561206
189.302320425631
190.876164599787
191.082650540629
192.804806400556
193.768315124791
194.834856144385
195.412061563227
196.026444249554
197.711843026802
198.732415816048
199.713571286295
