0.576434271642938
1.1193376572337
2.40365473600104
3.34345609112643
4.84259745129384
5.02363118692301
6.68320648535155
7.50900663225912
8.16281878366135
9.79632157669403
10.0424685603939
11.720488224877
12.014269836247
13.7398003293201
14.4110412728041
15.1888231711928
16.5276329156477
17.9295835457742
18.2784339049831
19.8568439518567
20.6371410817374
21.4752207684796
22.949180765776
23.631625801092
24.3230603816919
25.8320949554909
26.1503288324457
27.2266818163916
28.5664949689526
29.327729298966
30.1718229823746
31.6711400444619
32.8870271360502
33.0416790749878
34.344567185035
35.0960351477843
36.1422937824391
37.4856701006647
38.606315412093
39.9204116573092
40.9001199104823
41.596560199745
42.4346010510344
43.5450476650149
44.8138842692133
45.5006823996082
46.5796734876931
47.2156914025545
48.6720144706778
49.2561325246934
50.6155984099023
51.0151244613808
52.9313661572523
53.1274727778509
54.6239050526638
55.5722967374604
56.0116602974012
57.5094903653953
58.7466900323052
59.1813437612727
60.50265555433
61.0006738509983
62.1912377360277
63.1408339713234
64.7419997111429
65.904816878261
66.2351758319419
67.0178653725889
68.7557532950304
69.0755428187549
70.3301458852366
71.2575648499187
72.6089968299493
73.3389990760479
74.4296993564349
75.9535382136237
76.659024995286
77.2376835129689
78.9931391028222
79.4589161260519
80.3800524824765
81.0609447320458
82.4139398448169
83.6762436816934
84.3600048576482
85.2333074861672
86.4970424964558
87.3925880237948
88.922973057488
89.6578549763653
90.8189960874151
91.0798411727883
92.1776135948021
93.1184759438038
94.4537915950641
95.926510746358
96.2964131259359
97.1804252201691
98.284453174565
99.7528460412286
100.087766033364
101.528297811281
102.742733256891
103.043597597629
104.862945916364
105.473407225916
106.962079908233
107.453165350715
108.037134750746
109.707164694089
110.06403944362
111.118328497047
112.740035857307
113.481122310506
114.48971862928
115.88386319764
116.970537496265
117.753168568946
118.643416571897
119.478090163087
120.287579187658
121.297123647062
122.492467781529
123.550423092907
124.350592944538
125.238822808955
126.605363935698
127.752454360714
128.501749824965
129.690887617879
130.755854052957
131.363056907663
132.091958448989
133.203774283174
134.747435718542
135.133023781935
136.121490400285
137.218055529753
138.835821493529
139.603891975712
140.04360812041
141.524272735696
142.307720583864
143.999289223459
144.736434822669
145.08391238586
146.050062621711
147.257983577205
148.916222533211
149.603914870648
150.255637241062
151.963339531329
152.378889731597
153.395250787726
154.125895976322
155.946174234618
156.761374805821
157.462433168665
158.295741925947
159.635088007897
160.101026614895
161.517449888866
162.564791691955
163.36189825926
164.272369966609
165.843363016145
166.426474956563
167.25257042679
168.10651568789
169.564272207208
170.382622047327
171.134238435188
172.594700989546
173.345447709085
174.367324308725
175.268873276422
176.634112867061
177.556856647599
178.418433977989
179.044645372778
180.444767231122
181.173241488636
182.611564435065
183.656878775917
184.318030362017
185.946278613992
186.473764678463
187.052095656283
188.24317201064
189.378494642442
190.416434265906
191.334171057213
192.918030401692
193.848203029949
194.867479981855
195.264164044289
196.30299075786
197.937987587648
198.359474813333
199.50204903679
