0.172534154728055
1.49241578415968
2.89886147831567
3.6543500230182
4.12891122489236
5.03637015307322
6.1798266696278
7.49191157217138
8.15632381010801
9.83488695486449
10.9170231537428
11.5072657470591
12.5319835869595
13.3840738346335
14.9129072388168
15.3175245190505
16.6269359332509
17.5791234015487
18.6747178542428
19.9779986590147
20.6156456458848
21.7001410494559
22.48366254149
23.2285067031626
24.7258810326457
25.5412257711869
26.3941620870028
27.135288700927
28.3391769947484
29.3961130212992
30.983355068136
31.7340192513075
32.7322892129887
33.3339926821645
34.9758679363877
35.9537244376261
36.8121011890471
37.7676649559289
38.3161594609264
39.405534444144
40.4312829545233
41.7565794629045
42.4606503348332
43.9072844525799
44.7133497311734
45.0599447658751
46.4133358791005
47.1545682088472
48.5175571586005
49.7894233111292
50.5700019306969
51.5652447617613
52.2004898481537
53.2764640627429
54.1453314723913
55.2708504335023
56.0351401846856
57.0469459872693
58.5859111696482
59.5490456870757
60.3855302173179
61.7698658425361
62.420564166503
63.941572093172
64.2786620627157
65.5593185371254
66.3476271885447
67.4558972252999
68.7173078907654
69.3172012623399
70.8752589586657
71.4935175024439
72.8699152849149
73.0125005857553
74.7454175609164
75.9833294400014
76.8111971295439
77.1059168684296
78.1577703475486
79.0890628839843
80.3239940688945
81.3594420617446
82.4544580243528
83.0905099923257
84.6272233079653
85.1503987016622
86.0299237174913
87.0650251335464
88.2671616028529
89.7420140465256
90.2869924153201
91.2079168043565
92.3563680464868
93.0505292566959
94.5478589222766
95.4350520193111
96.8789208095986
97.9478049699683
98.521569270175
99.6011942904443
100.758127078181
101.981034925906
102.934724007035
103.045152122155
104.28097126889
105.102475074818
106.069569132524
107.387025519973
108.827596573392
109.889539542142
110.109038867988
111.294142927043
112.992791438708
113.776250237366
114.813949089497
115.287991477409
116.981981321936
117.823681015987
118.812301376136
119.115445389645
120.976375057828
121.261833301047
122.006841690047
123.022794310004
124.806408372242
125.282014357625
126.720761137083
127.029459598474
128.277619236847
129.220835887361
130.829771702643
131.358253566548
132.504369508708
133.785592058441
134.628687118646
135.867799692787
136.515147944912
137.851602264214
138.621352910995
139.92105770763
140.341588722542
141.546730514616
142.892018314451
143.128926095786
144.375887240516
145.365193218691
146.798651149496
147.085935094394
148.086146249669
149.420961419819
150.296629188117
151.201729177032
152.454248233931
153.260405473411
154.729676420102
155.54757390148
156.811075445963
157.277230820153
158.980689868797
159.63387230644
160.101046061143
161.567234873539
162.359172259457
163.074514910113
164.024610851891
165.770490088733
166.227175292326
167.165563340764
168.935225680936
169.238547931192
170.787464424735
171.685315746581
172.532506555319
173.348412790801
174.766674877144
175.018414860358
176.877779726638
177.490524329478
178.977198248263
179.279755767202
180.3314197578
181.949393496383
182.360775117064
183.283757691039
184.154556636
185.58687535068
186.86593533121
187.99531206605
188.263574955985
189.584967858624
190.357337595895
191.921442416729
192.943909548223
193.712422457291
194.221047081286
195.286129072774
196.787992533995
197.31371152401
198.048291067593
199.386412146501
