0.39824679074809
1.26613348978572
2.30357801588252
3.71104512317106
4.14608369860798
5.54715805593878
6.51912850909866
7.39568302733824
8.82547363080084
9.72640363173559
10.4014856519643
11.0645302881021
12.0528799376916
13.090859150514
14.8861271564383
15.6139282959048
16.723983009113
17.2422079627868
18.7739706935827
19.3543702049647
20.3480191340204
21.8083920681383
22.3069743646774
23.4431926356629
24.5756460083649
25.6940993643366
26.3588348967023
27.7109714623075
28.6428696610965
29.8106915524695
30.9654858163558
31.6235127823893
32.1845788056962
33.4891832515132
34.3685975894332
35.8199751172215
36.7049690352287
37.9604001119733
38.4207129245624
39.366470386507
40.1865956878755
41.7033631384838
42.5684378545266
43.837636052398
44.7920885726344
45.7291757648345
46.0046949598473
47.5996371193323
48.9546786386054
49.7132907905616
50.0563463952858
51.0872445304412
52.4889318346977
53.3568029534072
54.1961694790516
55.5683789169416
56.1872469661757
57.6643784192856
58.2667208602652
59.8077021585777
60.6854760616552
61.1826099182945
62.2757883272134
63.2955720694736
64.7969572709408
65.2020940289367
66.3785761068575
67.2829215526581
68.8647558365483
69.4972693480086
70.0447324695997
71.122439152794
72.0990236429498
73.3591982531361
74.3692289984319
75.0302059478126
76.9805653986987
77.0499305471312
78.5948269660585
79.2695050654002
80.1505311052315
81.1663728149142
82.9575786471833
83.3689606701955
84.3429489561822
85.158100269502
86.6971385867801
87.9804216867778
88.843080710154
89.293627708219
90.2162121087313
91.9903974495828
92.2291854019277
93.7893377011642
94.5534563579131
95.793636842398
96.0543113714084
97.9635841168929
98.7740314570256
99.0163492341526
100.535439788597
101.476497263648
102.732945776312
103.920292855473
104.852874501375
105.182764994213
106.449486286147
107.895506902831
108.135315448511
109.364712202456
110.499640926952
111.60299252905
112.412566067185
113.845678165322
114.800457243342
115.058362736134
116.071272488218
117.138357438846
118.006591634825
119.715223192703
120.268772198586
121.461431925418
122.383677206701
123.363354451722
124.270108904922
125.764048325131
126.603126830654
127.778681679163
128.445818422595
129.944328491343
130.152019521454
131.637075466802
132.964544539107
133.697864744812
134.273808819475
135.726908651413
136.402540860465
137.941883133026
138.691580898361
139.081780596636
140.294674629113
141.002069079783
142.183323148172
143.569898274029
144.141987210372
145.846748917829
146.723738015397
147.658497792203
148.563792285044
149.040718920296
150.023040109547
151.728109148564
152.744022785453
153.25809295522
154.431775164092
155.088248020271
156.988741944544
157.353843512014
158.248966163257
159.199728366919
160.872213929193
161.808391461615
162.820721202996
163.590022075921
164.978238169337
165.578523615375
166.56486590649
167.920266744215
168.640974633163
169.373805756913
170.501804419328
171.77817781223
172.219448593911
173.874820504338
174.612450369634
175.784361843718
176.159396769013
177.372791765025
178.264005627716
179.260399125749
180.885285542114
181.928116114344
182.381425324362
183.777426194167
184.392082275357
185.979397977935
186.178147764178
187.534261968918
188.0454923613
189.2218104247
190.446564954706
191.36232408043
192.081088314066
193.818220957648
194.390194875654
195.755357539048
196.290163127473
197.462680790108
198.0698601529
199.776716648135
