0.135216437513009
1.72209413978271
2.4247003372293
3.40707866149023
4.51961459871382
5.75924990489148
6.10066632251255
7.91373485489748
8.33805690309964
9.1434987031389
10.3100554568227
11.1547631139401
12.417624631431
13.2236235472374
14.9623539140448
15.4210963426158
16.455064436188
17.2694875188172
18.6083159928676
19.3323504910804
20.1170848119073
21.058062269818
22.7008812874556
23.4001639282797
24.110179756768
25.1375342449173
26.0493543897755
27.026109841885
28.7001437381841
29.0138582845684
30.1165559331421
31.5230988869444
32.8238360609394
33.7039847064298
34.0804079880472
35.510379568208
36.3125716242939
37.4454140304588
38.6273932999466
39.1605137656443
40.0072097203229
41.588691286277
42.4472405938432
43.3375198787544
44.3133732543793
45.210215015104
46.6964387588669
47.7037330344319
48.6502345330082
49.6783866477199
50.4173068632372
51.6403179310728
52.5335959207732
53.7702975058928
54.8570907181129
55.4872209387831
56.7633020225912
57.8920997953974
58.9036713624373
59.7030887638684
60.2821340367664
61.8370530938264
62.4683720653411
63.0569842075929
64.2487524682656
65.5485996569041
66.2654317431152
67.0255501146894
68.9431387146469
69.1168904211372
70.6072035355028
71.8672896658536
72.9009095563088
73.3866059218999
74.0680009373464
75.6156792822294
76.148880019784
77.7913044085726
78.1163173366804
79.9036026224494
80.2290071847383
81.1700970095117
82.1584358459804
83.9688679608516
84.6080527345184
85.0363911560271
86.0177362256218
87.8355054997373
88.2286028363742
89.425226860214
90.988498443272
91.1592369575519
92.1471641350072
93.3648934899829
94.0363122476265
95.1568788697477
96.5005926783197
97.0551680133212
98.0346523020416
99.9606315051205
100.77017983282
101.569314319408
102.885619533947
103.057289212244
104.957173015457
105.639870167477
106.139223266626
107.916376491077
108.438112033531
109.212036432698
110.92170270835
111.919877405511
112.5336402955
113.350829772186
114.542574886931
115.55735962186
116.312225022353
117.319016966037
118.525681085652
119.071866218466
120.27711050678
121.444777881959
122.115854982287
123.431015752489
124.120724932291
125.80221103644
126.172061338322
127.980036680587
128.987394030672
129.249259203672
130.813857800793
131.925794296199
132.336470444687
133.104941152502
134.870779864257
135.891165323788
136.401278753299
137.61068792385
138.463994600577
139.20373630384
140.875797478249
141.551827252144
142.8473668152
143.590106307762
144.013383103302
145.315604444593
146.378559755627
147.433641938027
148.845389507711
149.677959832363
150.030730157625
151.128917107359
152.659629431786
153.194882327691
154.829628493637
155.330113954609
156.326365508372
157.193012983305
158.304080128903
159.450050675776
160.79009428015
161.5167355421
162.275326462695
163.805347907357
164.726518358104
165.116126633249
166.807757056318
167.550173874479
168.134084619349
169.885323721915
170.110250803409
171.14560519415
172.334845527308
173.935053313151
174.043901528465
175.97881159978
176.065411287127
177.081927372841
178.334987749346
179.718125742162
180.717365318676
181.695878908038
182.925574221881
183.793721916387
184.255900467746
185.408716157079
186.898299215827
187.413378395373
188.821687279269
189.984934306238
190.659043352352
191.012133850018
192.460344415391
193.410248311935
194.480834004236
195.436755007599
196.142060748069
197.61668825685
198.013091146946
199.201171114342
