0.512763439910486
1.07708094501868
2.81696108612232
3.37510823202319
4.8446054267697
5.04183828528039
6.8980055837892
7.75252122781239
8.05892792856321
9.09822309273295
10.8574819951318
11.7078234823421
12.0562466939446
13.0099344719201
14.7602686954197
15.5643848357722
16.1264315056615
17.4076184106525
18.6025969767943
19.9244387485087
20.6604155730456
21.8317606176715
22.6617055889219
23.7163518480957
24.964715761831
25.2614165856503
26.2655167481862
27.6170053777751
28.2861472617369
29.5295376465656
30.1962537043728
31.8029124550521
32.5915992250666
33.0996931605041
34.4680606033653
35.227226624731
36.1018382504117
37.8694058740512
38.4516869289801
39.0036630136892
40.5685859941877
41.915298496373
42.1271768559236
43.4752324060537
44.3692812782247
45.8088941085152
46.8880626552273
47.7470468110405
48.4454442325514
49.9523365583736
50.6681202575564
51.3204283870291
52.4377087207977
53.2472264999524
54.3811748344451
55.6842260451522
56.2359330328181
57.4531363903079
58.9932141094469
59.0192791097797
60.2545335083269
61.4888050307054
62.3161374058109
63.8435198983643
64.1770987128839
65.868202644866
66.4556055061985
67.3960249433294
68.756657510763
69.3709515358787
70.3843331586104
71.2353593728039
72.1568748748396
73.3333693111781
74.8023808873259
75.2872440530919
76.8160274447873
77.5298887738027
78.1599011449143
79.9059652551077
80.6476011800114
81.2525131320581
82.979663162725
83.9165480732918
84.7551309105475
85.1038385143038
86.3978913757019
87.9708487780299
88.2732580043375
89.5750667841639
90.9336645833682
91.2894869656302
92.4402798872907
93.4375474534463
94.0478935535066
95.1573204505257
96.3534311719704
97.3584632233251
98.3204710343853
99.4629212263972
100.035635229899
101.106185090961
102.871755359229
103.378230240662
104.034573700046
105.122575759189
106.166956184199
107.912123588147
108.648771716282
109.233462314587
110.750290197786
111.879870234057
112.671209251741
113.048105504131
114.272628790233
115.789151337929
116.405404574005
117.050926050171
118.356099431869
119.320069349138
120.803297271254
121.760750220623
122.594273301773
123.827058652183
124.232188265771
125.100125781028
126.182776393136
127.742647864623
128.241081090178
129.785557609517
130.059188468149
131.763951297849
132.337008911651
133.735194442794
134.147044483805
135.198294347618
136.112465454498
137.641203640494
138.587799834553
139.528471391881
140.029831841588
141.808076331625
142.284617234953
143.193080609431
144.675390081713
145.739276766079
146.067305326927
147.582744309912
148.091847003438
149.293239257298
150.101830672706
151.726391450735
152.756905866321
153.569169677095
154.389878630172
155.351930731209
156.142848865595
157.456066294108
158.120593269588
159.944737175945
160.855304505676
161.315185898216
162.01641265885
163.150019204011
164.288626883877
165.409972283291
166.889895324595
167.76140004606
168.345793050947
169.630469003459
170.975724150427
171.002322080778
172.911979693919
173.804298829753
174.047227670671
175.683591609588
176.559689861257
177.845295456238
178.819145114394
179.651772165671
180.35449913214
181.610326715512
182.650353751844
183.401187479729
184.329467723146
185.113665469922
186.659822736401
187.131425628904
188.531060139649
189.515809657285
190.025090128649
191.153675624635
192.804167774739
193.913066863548
194.361452914309
195.127353701973
196.336095297709
197.270374590065
198.678268691525
199.4263559049
