0.254215496359393
1.75025139376521
2.34842867031693
3.10565886320546
4.47693990799598
5.24005694733933
6.34184642951004
7.33185602352023
8.99677731096745
9.89103942830116
10.1128355816472
11.4918370905798
12.2755297354888
13.5754070228431
14.0310153914616
15.701099553844
16.8684642757289
17.2134540961124
18.8757803577464
19.7677866008598
20.4100441439077
21.8653870017733
22.6760883745737
23.5990879493766
24.1354164385702
25.1480078343302
26.4819475621916
27.968939702725
28.8299748275895
29.7328441627324
30.0618040552363
31.4421910552774
32.7793208721559
33.4147406760603
34.8289625244215
35.904417517595
36.2524485958274
37.7200325734448
38.0295662982389
39.7600404801778
40.310545681743
41.7127158886287
42.7556521920487
43.4910698651802
44.099174745148
45.3353660665452
46.3713397048414
47.3625114399474
48.0476629363839
49.2376054478809
50.1644077186938
51.4316693667788
52.514117131941
53.7949912559707
54.8744543818757
55.6606813434046
56.8506703437306
57.7285680579953
58.5699004298076
59.7565749555361
60.6809897334315
61.9645493798889
62.7468544619624
63.5622142853681
64.7073081790004
65.230991915334
66.4094211233314
67.0539342083503
68.0519930890296
69.7758783111349
70.7129615624435
71.7047284620348
72.7548882116098
73.3748424695805
74.389409415191
75.9983377316967
76.7712865706999
77.8142621978186
78.053106862586
79.086970015429
80.0814034331124
81.6772521128878
82.7722024647519
83.942857590504
84.8894110908732
85.5405504356604
86.7618852953892
87.8436563154683
88.5124678511638
89.3019778232556
90.9499006504193
91.2887193886563
92.1253737767693
93.183386069024
94.396016538376
95.2635738039389
96.2879292583093
97.5322396308184
98.035696776351
99.9496603154112
100.099446208915
101.195805125637
102.40712713846
103.98061973881
104.164581964491
105.439669315936
106.010070460849
107.497768591158
108.558525920846
109.141463615
110.397331343964
111.701929437695
112.20695553557
113.016684721224
114.619121512631
115.481617287733
116.540975081269
117.427686999552
118.28624148923
119.743591926759
120.408813254908
121.505475483602
122.822402554797
123.998789645731
124.063205214217
125.465528360568
126.726807954954
127.147635206115
128.827725553187
129.797885490814
130.02811435936
131.308615393471
132.422431745799
133.951856533531
134.712035015458
135.444756687386
136.923584860982
137.423465587897
138.836574859452
139.619682485005
140.090960668167
141.549505084986
142.036551872501
143.029748931294
144.517474329099
145.992202510126
146.952856846387
147.931196766905
148.443951444468
149.607635876164
150.214549434837
151.726446655579
152.784877724014
153.095855194377
154.083096350078
155.583390633343
156.903237885796
157.402552279411
158.342762544286
159.851400123211
160.798880727496
161.221011087066
162.503558046184
163.705854439409
164.370654055616
165.30480995914
166.05486655049
167.215717945015
168.080954221543
169.903666072758
170.686062798835
171.826957340585
172.553900143364
173.358300432563
174.941362197744
175.124006836675
176.027113946388
177.084931996418
178.322965025902
179.522456186824
180.530830241507
181.228537711315
182.824693891685
183.39964997489
184.907988945022
185.85832769121
186.008171481313
187.377972843358
188.948363700882
189.982336936519
190.143073286396
191.590790603077
192.915753549198
193.788309945492
194.890527153155
195.061457383912
196.366335994098
197.113564008614
198.661006595939
199.17868685862
139.358630906092
139.964140443597
141.267921457998
142.115931818262
143.655797776533
144.171118455706
145.185300562531
145.858560586115
147.287606352009
148.194830714259
149.747593127191
150.219678965863
151.141641264083
152.227099169279
153.042033902602
154.705334334169
155.634216808015
156.497729104012
157.550700237043
158.407276468119
158.966463804711
160.613991666585
161.084661400178
161.873341729632
163.449346552137
164.521394658834
165.284895806108
166.056300304597
167.558775791898
167.959339675959
169.607496291865
170.672247555107
170.888194781961
172.572357520694
173.669354928425
174.05510590109
175.722005968215
176.14612846449
177.45949762594
177.899604605744
178.940936160972
180.768103758805
181.287727771094
181.916881688405
182.995591099607
184.174058726523
185.326507250778
186.111366551835
187.406524186255
188.371914606541
188.836808895227
189.871846817899
191.008030026685
192.311228593579
192.868165054126
194.028270938899
195.197864714079
196.037970631849
196.93929191865
198.615525689675
199.52515774616
200.540770905092
200.867708633887
202.113244079985
203.551296816673
204.596853028052
205.254318424035
206.799336262047
207.187100569019
208.186620663386
209.106870547403
210.137430462521
211.091555882478
212.390691069886
213.520013346104
214.329808820039
215.080523058539
216.233472478343
217.813484400511
218.644776993198
219.25636418676
219.990490732947
221.456046028528
222.599242247175
223.251860270509
224.439824839588
225.647418546258
226.103720280575
227.426090802765
228.585149218794
229.068892099196
230.785605754936
230.903532642871
232.53119609016
233.485698530916
234.565516631585
235.712433901615
236.355128331343
237.362790452316
237.884576258017
