0.165702456841245
1.27453427971341
2.13417437719181
3.01215672818944
4.01411368651316
5.52340305619873
6.22441094904207
7.94505874393508
8.81247241864912
9.61674893111922
10.0615124292672
11.4098079029936
12.8652349063195
13.1832625051029
14.4199383717496
15.027092817938
16.0219967735466
17.1976059507579
18.1148163743783
19.0756866920274
20.3723452654667
21.1540017933585
22.3835924735758
23.9255194859579
24.2727186623961
25.4125011726283
26.2470062759239
27.0906993073877
28.8050552303903
29.7347797481343
30.7647041000891
31.2352157838177
32.2080219853669
33.2504248188343
34.1136254954617
35.9268324559089
36.1980036247987
37.8871675517876
38.6814716977533
39.680593265919
40.9813713657204
41.0375334676355
42.4339653472416
43.2793377521448
44.2442726006266
45.4013546949718
46.619404961355
47.8695868970826
48.9311600690708
49.6266711028293
50.4427563287318
51.4824384446256
52.3704730612226
53.0783716016449
54.2348594698124
55.824744726764
56.60795632191
57.8332767209504
58.3751778993756
59.1047166003846
60.2704598500859
61.072479943512
62.1599148234818
63.8770867139101
64.2997839052696
65.0469884020276
66.8964792804327
67.8186589546967
68.1845847619697
69.5173058528453
70.0895905850921
71.7708182190545
72.9713941209484
73.521024282556
74.2661026234273
75.5309097187128
76.8079361836426
77.0940664282534
78.5960892720614
79.4487831823062
80.2779380516149
81.7083762108814
82.7716786747333
83.6253056644928
84.1892900648527
85.7496113108937
86.6897951341234
87.8149983482435
88.6526225013658
89.4289370262995
90.686418929603
91.9000043419655
92.855501784943
93.5002828091383
94.6394432072993
95.4814991699532
96.0657408707775
97.9288771692663
98.9752367984038
99.5197848083917
100.482341523748
101.505008989014
102.165265950374
103.824991703499
104.351598410867
105.663635765435
106.255417357432
107.879468018888
108.648489658721
109.007937626215
110.4865847521
111.66119266022
112.563927497948
113.861006853869
114.600813863333
115.356502403738
116.736838636221
117.220854294254
118.30696801818
119.783034465974
120.983295406913
121.310585837346
122.566523800604
123.1354015877
124.329792004079
125.588587478269
126.640381020959
127.926766306628
128.236764044268
129.204481815919
130.963313604007
131.015310381539
132.430793149862
133.998187022982
134.291824412299
135.544324341929
136.181287569227
137.987817156594
138.650675787823
139.088233859977
140.130167655414
141.343559035333
142.980218873126
143.745053877123
144.762974249432
145.210740418173
146.881364434259
147.885923987022
148.157827820862
149.572054746561
150.028666678118
151.753622935386
152.533006451093
153.040233800886
154.723933324916
155.614043991081
156.140160331503
157.027430908754
158.408444799017
159.135310461745
160.500752309337
161.065641564084
162.038528264733
163.316199183464
164.595145265106
165.434541953728
166.447610053699
167.311197347008
168.826387747657
169.377558884677
170.672359250952
171.938065997558
172.608835635707
173.790145303356
174.6021614403
175.494784727925
176.129173013149
177.555166532286
178.236511716852
179.358853187645
180.25173454266
181.484949414385
182.560784982052
183.736007499974
184.735889503732
185.507209523814
186.62116102688
187.168054372305
188.897015762748
189.905352382455
190.598032951821
191.851540526142
192.357020205352
193.979301843327
194.606667502783
195.950432250975
196.976324809715
197.341420897515
198.375228909776
199.933216525707
