0.687254110584036
1.98696057451889
2.02706500305794
3.36626578844152
4.04211742407642
5.97673598187976
6.06529334303923
7.16326877521351
8.1109657578636
9.25318153365515
10.382747667376
11.666171208024
12.1742176432163
13.4339279257692
14.9013582905754
15.0465429401956
16.1626165637281
17.1175434293691
18.7251367140561
19.7405443249736
20.7077184119262
21.096015489893
22.5843897839077
23.4500018521212
24.0508644576184
25.8440518397838
26.4434266770259
27.8587461826392
28.3941749408841
29.5291825167369
30.7226232057437
31.0316857073922
32.6637409203686
33.7672076141462
34.7997894531582
35.5166523507796
36.1926281384658
37.6603792777751
38.4241677161772
39.8130210507661
40.6753287955653
41.6148909707554
42.6843727545347
43.9886655362789
44.3551459754817
45.6951448358595
46.5265154021326
47.378218737198
48.1938031909522
49.0331035321578
50.8724616118707
51.9267254185397
52.2126482345629
53.5445773818064
54.7762044267729
55.3565854348708
56.9874494408723
57.9321059165522
58.5730626042932
59.5294650411233
60.9686958531383
61.8897141742054
62.3538873235229
63.2678919467144
64.7729302253574
65.2185781102162
66.078297075117
67.2210264513269
68.2115256804973
69.888661007164
70.0515488134697
71.4637428575661
72.3807672136463
73.3002918846905
74.2811835226603
75.0935303501319
76.2878854617011
77.7380196726881
78.810816164827
79.658544632839
80.3696059689391
81.7538936068304
82.8918975733686
83.2980831465684
84.889569517225
85.1576821424533
86.2970975900535
87.1434540031478
88.9186494143214
89.9000166531187
90.9603361117188
91.7098806246649
92.0091644464992
93.8196231939364
94.1544972776901
95.9412846949417
96.2799589820206
97.1177523033693
98.1723281210288
99.6844935442787
100.218833444407
101.308191556949
102.090876811184
103.747270322405
104.179199351929
105.262093790108
106.637829356594
107.217260095058
108.795153865125
109.965620674426
110.397955589229
111.516941989306
112.833677951247
113.245315900538
114.261263536057
115.129659372615
116.184382363455
117.510980799329
118.666783638066
119.59643534827
120.295407451456
121.654627191136
122.071959068999
123.445423701312
124.194228770211
125.304296329152
126.15279461001
127.099184432998
128.675637646811
129.154479553923
130.305382442195
131.654947547242
132.186838531168
133.966307313647
134.050735104131
135.677272789879
136.729864113033
137.500772998901
138.801906120963
139.957537310198
140.860427836888
141.468133160379
142.220428089611
143.910369098885
144.603741227416
145.660943745635
146.316868342226
147.066608783556
148.913252831437
149.456088230712
150.983981828671
151.056135902414
152.487300325418
153.408728414914
154.807260194561
155.228185400367
156.486297231866
157.440064822324
158.830730547663
159.066327891545
160.993307653582
161.973189630546
162.743056368548
163.225473417901
164.749084085692
165.171631271718
166.612962341402
167.85353275924
168.90071637067
169.550751095405
170.821044119308
171.22879204643
172.842763874447
173.257151751779
174.545447295299
175.846570659662
176.961101346649
177.45580020966
178.308221127605
179.706003786763
180.456345375627
181.177655126201
182.934885394992
183.152891869191
184.266812933842
185.216999304015
186.068484497024
187.998857552418
188.532967558363
189.568783006398
190.901015876792
191.288074743934
192.527237921953
193.760520183714
194.958865069319
195.571223391918
196.18385003251
197.616266796365
198.273750925902
199.586300126277
