0.943235902115703
1.00258627650328
2.01707426575013
3.19609270058572
4.40630645584315
5.10740355122834
6.67542169685476
7.97840357455425
8.23225254006684
9.21605803468265
10.917687430745
11.4097337645944
12.0078886942938
13.0632006402593
14.77188268397
15.7108757698443
16.1098619203549
17.717148126103
18.7806089173537
19.6812000921927
20.2812648487743
21.7462369850837
22.4501192837488
23.7789049907587
24.6400818096008
25.663502817275
26.7752971763257
27.9179241324309
28.0934566720389
29.0983555666171
30.6155353952199
31.4872208149172
32.6212731020059
33.2090285287704
34.062104165554
35.476376674138
36.1315841586329
37.4394827280194
38.3707850894425
39.3598223221488
40.2201777603477
41.773839459056
42.8110046656802
43.1336664368864
44.471222226508
45.3602948121261
46.9534812774509
47.1684051207267
48.4091445533559
49.1385007596109
50.6638916265219
51.8539962945506
52.8812406715006
53.9229451853316
54.8005978500005
55.6252853462938
56.6465884135105
57.4496703895275
58.0510464909021
59.5598172829486
60.0759282698855
61.8437823152635
62.252935743425
63.7530129447114
64.7995695094578
65.4767426250037
66.8036691108719
67.3130293632858
68.0881700399332
69.6663563742768
70.7526267918292
71.2762785761151
72.5623493171297
73.5377898616716
74.4633251661435
75.8723206806462
76.3992219723295
77.3210172641557
78.4797914605588
79.3296643472277
80.9366477737203
81.7329519351479
82.7017250142526
83.8898153151385
84.6169815415051
85.6174971053842
86.3792684602086
87.739919784246
88.1699604364112
89.6853289005812
90.8593066015746
91.3707903607283
92.6417781468481
93.7396652121097
94.4051832167897
95.9978308123536
96.2602111371234
97.8161340055522
98.4609370436519
99.7158004250377
100.5127484533
101.097919796826
102.692501426442
103.605799146928
104.420960836811
105.360353320837
106.307933474192
107.098200550536
108.499929228565
109.753501371015
110.274200062267
111.835871488554
112.448641625233
113.168195267674
114.269505059812
115.296477369964
116.034905032255
117.438316072337
118.722546417732
119.42365989578
120.067265545484
121.065742828185
122.128245068248
123.214998962358
124.382146203658
125.407193158753
126.852161471965
127.699988386128
128.574952227296
129.836771797389
130.05781903374
131.951692996779
132.371401289245
133.523794226348
134.397502087057
135.020034695277
136.070636042627
137.644859783584
138.548309726175
139.674834046746
140.994076795876
141.803112820489
142.193962559802
143.762449486414
144.16749047162
145.741593494546
146.332956830738
147.782230177429
148.987817176618
149.897124702344
150.340480864048
151.424175311346
152.543035380309
153.729216454085
154.879389276961
155.400699841557
156.393105985597
157.644464875339
158.577900898177
159.312386879465
160.885719448328
161.439046913292
162.639906710712
163.579973942367
164.679096184438
165.926432262175
166.634842616739
167.707706719637
168.432373151183
169.164576171897
170.906857001362
171.041008211207
172.200988306431
173.647230527597
174.796168782981
175.903088921914
176.870275573805
177.369502240559
178.124853288289
179.687979232986
180.341049362672
181.038673862116
182.986761085223
183.13922696095
184.75294168666
185.968667653855
186.762431115843
187.846398180583
188.072206321172
189.347331188153
190.218079565791
191.479482722236
192.152423050022
193.697219654685
194.008265640121
195.988614368718
196.247131859651
197.117559585953
198.345202751691
199.96702558687
68.2058257607277
69.7569251237437
70.7383828631137
71.1158206069376
72.5252696694806
73.5231652883813
74.7100183654111
75.1458088590298
76.2988802625332
77.3500357801095
78.7236721105874
79.7619947516359
80.7154052476399
82.0297299956437
82.4613911334891
83.6446360968985
84.9834196881857
85.9147193362005
86.8857623445801
87.4394125256222
88.4838317886461
89.2778298410121
90.3090379198547
91.3899980173446
92.7221279086079
93.9248088477179
94.7828618588392
95.3448217348196
96.7431257043499
98.0388705900405
98.6184914323967
99.9408417860977
100.735402773367
101.620024287608
102.436612919904
103.398935882375
104.544171631802
105.311008121818
106.200468222378
107.396420652512
108.391886936733
109.222460516961
111.000955133466
111.994727176148
113.002459368901
113.80583340209
114.699603357119
115.96263053501
116.779284092598
117.234687384451
118.794708425412
119.596982946619
120.701746317092
121.259063613368
122.210307767149
123.661368575646
125.080793617759
126.023038060172
126.678026258713
127.203490511747
128.295470553916
129.94097844651
130.983912504045
131.948779329658
132.096853059018
133.431191189447
134.110986592248
135.178487264551
136.945800828747
137.420641036937
138.28779362631
139.699137160322
140.283939205576
141.888548742514
142.093125933083
143.446218929719
144.629617010243
145.749700126005
146.930900783278
147.743457690347
148.531684169546
149.615942689124
150.82378125703
152.051331513561
152.466269702651
153.457646177383
154.265552276745
155.206218092004
156.915675387019
157.578618747182
158.952556311386
159.354544251924
160.867983267643
161.630281005288
162.732506573899
163.630183041561
164.855586229358
165.402295175707
166.71536515886
167.652498922776
