0.464190875645727
1.17122318129987
2.39303118945099
3.24859117763117
4.33473577257246
5.90619013342075
6.81138849561103
7.54002073011361
8.64795001433231
9.49873627722263
10.2634528507479
11.7245112678502
12.0929420564789
13.0364663626533
14.0242016816046
15.4422601708211
16.5525222446304
17.8708853644785
18.8007831007708
19.6768610361032
20.0647471796256
21.7682858840562
22.9204166475683
23.0887443029787
24.5437678457238
25.8902924079448
26.7962116436101
27.2854100090917
28.7864638015162
29.0424289794173
30.5620455809403
31.8273075979669
32.4200274117757
33.2870536749251
34.6117195768747
35.2393258046359
36.3027153979056
37.7391198009718
38.9796993245836
39.2719564931467
40.8760858704336
41.6435930090956
42.205979971448
43.2916788544971
44.2831702064723
45.4297275815625
46.6553307466675
47.9720868784934
48.6031551437918
49.9590878537856
50.9162010671571
51.9568243331742
52.5126912605483
53.8547663306817
54.0112562759314
55.6812182958238
56.306190781761
57.4696753192693
58.0640823275317
59.5669196876697
60.6748149322812
61.8844351661392
62.2531578561757
63.3491366652306
64.4420050499029
65.1104400495533
66.7522038365714
67.9641639066394
68.3230864892248
69.3942466480657
70.6968410355039
71.4115108754486
72.5029850180726
73.2408698245417
74.3998917685822
75.8904954402242
76.9396154016722
77.2399911589455
78.1442253543064
79.9814723683521
80.9788379548118
81.3760793174151
82.0391371534206
83.8470349404961
84.5703905124683
85.3669806320686
86.2880679767113
87.7132601179183
88.0384137723595
89.2797750013415
90.4691668702289
91.5056968512945
92.5192085758317
93.841128378408
94.2176163953263
95.8071326890495
96.4319694219157
97.752091642702
98.9981713786256
99.4900572872721
100.459301528521
101.117518758634
102.55949073378
103.206304141087
104.842744882219
105.752262984635
106.216824086616
107.501078903908
108.294315225445
109.707617129199
110.693321899278
111.24434970622
112.569064495852
113.606635951903
114.448894645786
115.471745630028
116.46959593473
117.040519048227
118.725952332141
119.41302086832
120.496648201719
121.762629455654
122.49091496435
123.901882385602
124.996380770113
125.31268704962
126.518392592669
127.903009132249
128.678519758396
129.196803310188
130.639268515632
131.444480685517
132.176865306217
133.311898723245
134.264345763018
135.496760099428
136.914531570626
137.32783900341
138.512151019415
139.445847526891
140.732349718455
141.973575956654
142.128614830086
143.914086715318
144.627094419906
145.673292329069
146.676908958936
147.949393823743
148.479636661476
149.867012696108
150.278525029076
151.69539987552
152.994044628926
153.325185361551
154.851997017162
155.973535652971
156.116926087067
157.775129573885
158.812651412096
159.731475906447
160.244017033139
161.196455732686
162.941000907216
163.36604684405
164.282823167508
165.707038789289
166.370425247122
167.704984192038
168.171123723499
169.913947974797
170.439483720111
171.470810155384
172.084579328308
173.318379134173
174.143353871303
175.172051844187
176.638101451332
177.994266722118
178.529322391842
179.073628797429
180.433962467127
181.021082062973
182.1251043675
183.783117207233
184.38885054877
185.094623755431
186.337125680875
187.115910191089
188.554333413253
189.453889888944
190.523874298204
191.006487909704
192.915996057447
193.856967500178
194.44758186047
195.450103917392
196.871212515514
197.633790591499
198.553521925118
199.129462626297
