0.902964872308075
1.07276368583553
2.71098445286043
3.61572801484726
4.76873105857521
5.04770274530165
6.62735360115767
7.44898928655311
8.25132786598988
9.73500468209386
10.4262144630775
11.4695495099295
12.6446783309802
13.2245927928016
14.0478857480921
15.7665948881768
16.1706143221818
17.7990437557455
18.2790548608173
19.5297308007721
20.050905773649
21.2300399125088
22.1729860031046
23.3076454300899
24.6797026875429
25.3392190085724
26.5393443384673
27.079893168062
28.2783180566039
29.1982825717423
30.4173898438457
31.9240468987264
32.9225493869744
33.792886641575
34.0755610151682
35.3399443773087
36.1073304961901
37.5204978738911
38.9752724899445
39.9176108622923
40.755699619418
41.4985406443011
42.5215202574618
43.0704961349256
44.4525188230909
45.8535073811654
46.4646333984565
47.933616214199
48.2962471747305
49.7598375619855
50.0029502362013
51.2904181529302
52.3970310767181
53.557404645253
54.9542028889991
55.2889456399716
56.3165107998066
57.5614788937382
58.5761188308243
59.3146189386025
60.895778286038
61.521457306575
62.2703580164816
63.692409990821
64.0035858443007
65.7028502486646
66.240087592043
67.845953817945
68.0512792309746
69.7856525499374
70.4248016860802
71.650225505
72.6055321430322
73.8486328201834
74.5116146095097
75.5642225597985
76.9130903058685
77.5929637413938
78.7316948329099
79.2844984112307
80.4646268375218
81.327421000693
82.4621558745857
83.4708122066222
84.8707742721308
85.9169047763571
86.0317592809442
87.3305265505332
88.7709241136909
89.2701700727921
90.3955866757315
91.9533290565014
92.7164030915592
93.9212488532066
94.8430618408602
95.1701488639228
96.0703174101654
97.9231324433349
98.3259641532786
99.3855825357605
100.586364397313
101.693775025895
102.963055429747
103.114604010945
104.966907540802
105.518282267265
106.190410649171
107.87425101921
108.681742430199
109.486210927367
110.278156047454
111.97833990003
112.428557014093
113.246065265266
114.32318781293
115.343300038949
116.945605365327
117.742027192609
118.231477831025
119.85087346565
120.338428551564
121.881404416868
122.928421549965
123.419364065863
124.759030919056
125.883140299236
126.961761720479
127.909802344162
128.181678008987
129.16714757029
130.312540038023
131.764977532439
132.898926915135
133.619556586957
134.978547638282
135.203140921658
136.7025358479
137.879800436785
138.392695542425
139.258997821249
140.645916303387
141.835635763127
142.292737810407
143.36465888354
144.806552973809
145.880698199151
146.066858975217
147.198732415214
148.650117094396
149.377691470552
150.170729406876
151.951835765271
152.64468316827
153.152192845941
154.745231984882
155.640445796773
156.319814287359
157.050346062984
158.006241325988
159.317872008774
160.150551673025
161.880332383327
162.667809354141
163.743697513361
164.555305014364
165.403171834303
166.892703514779
167.711296801222
168.020617497386
169.11750679859
170.642867131857
171.892021973385
172.446537252283
173.504631096963
174.915023214882
175.269626369234
176.557081873296
177.107435026905
178.631212508772
179.265044360654
180.487866127165
181.557040686719
182.732699342305
183.641271517379
184.629801114788
185.092384365154
186.883033161983
187.091379804304
188.9084733692
189.166153952479
190.375258103944
191.782272407552
192.296094956342
193.278888486326
194.142420452321
195.12376250769
196.965775319841
197.541860583937
198.803832948208
199.226394313388
61.5225964628626
62.8129982871469
63.7724822063465
64.2556813438423
65.6097077515442
66.7252340405248
67.6276508253068
68.8884323476814
69.366092931712
70.5373099197168
71.8516731967684
72.7655603422318
73.6234586299397
73.9699075927492
75.1104355866555
76.3368540559895
77.7475849213079
78.004278091481
79.7975077112205
80.1106421954464
81.8744277053047
82.6021701926365
83.6514236293733
84.4104924369603
85.1675344151445
86.3790067646187
87.1099167417269
88.2152596516535
89.4325269788969
90.5725566467736
91.0723635170143
92.3333945453633
93.7489820057526
94.0574895399623
95.0997453951277
96.2129176477902
97.367313133087
98.706172922859
99.0261935901362
99.9912749896757
101.260164871346
102.573811765527
102.960415427573
104.811924078735
105.397352915257
105.957604525145
107.148566636955
108.074179402087
109.705372264609
110.492222634843
111.613418688532
112.039636021946
113.849153346382
114.040154415416
115.604541072389
116.480137395207
117.573959568981
118.576134944335
119.76569676213
120.218061868334
120.93263263884
122.215810639551
123.505804218818
124.669131201459
125.502701414516
126.873791052494
127.398187154671
127.923616127577
129.519092601957
130.152999085374
131.04119136068
132.298714925069
133.533362112241
134.423953941092
135.704756429885
136.168920834316
137.742868337082
138.588214813964
139.456061692443
140.692367527168
141.126144882059
142.598638945725
143.756821452407
144.182462290162
145.339815397281
146.085415867157
147.115826905472
148.293725871015
149.748459377326
150.041739779059
151.662180091953
152.219312742352
153.586744065862
154.702812478179
155.822537072701
156.023018994136
157.019576641265
157.921318661189
158.897401291644
160.111882989993
