0.206235058605671
1.49093826883473
2.84015738544986
3.72618479677476
4.80528664868325
5.53573329467326
6.95367073500529
7.59310474712402
8.09909695456736
9.22942033060826
10.8710816849489
11.7575236703269
12.644016854465
13.1372564241756
14.6531703905202
15.4449554826133
16.5817701953929
17.8939758474007
18.8232795342337
19.4213662233669
20.4593140387442
21.3453549528494
22.5215888740495
23.4173953873105
24.0837112353183
25.0175328650512
26.6587264609989
27.3213876439258
28.4782763523981
29.2021841066889
30.602733886335
31.4964980329387
32.1433596762363
33.011574544711
34.65855737729
35.5703354440629
36.1145729986019
37.0120124898385
38.5720734202769
39.6032480995636
40.4905948387459
41.6305686016567
42.5284401015379
43.7395824058913
44.2234760462306
45.412577112671
46.7144374910276
47.2910143428016
48.8864844073541
49.6413580060471
50.8337345912587
51.3719230776187
52.6262891276274
53.4568097656593
54.0041894013993
55.6895336115267
56.6361325830221
57.4949185363948
58.2501236393582
59.776061482029
60.1792846242897
61.2436035845894
62.0142362378538
63.9580831511412
64.5377573722508
65.6527078351937
66.6783903399482
67.2812882389408
68.4992526785936
69.4747967140283
70.2794635640457
71.7144212103449
72.2211908600293
73.9193916919176
74.2693886626512
75.7567577168811
76.9909175198991
77.1028701784089
78.8875750454608
79.5495115208905
80.7217890492175
81.7661196477711
82.3225104792509
83.0486919125542
84.1649285014719
85.4192285609897
86.695179741364
87.3729752248619
88.4284751827363
89.4252191104461
90.3965508078691
91.5812484850176
92.5572540736757
93.9806094451342
94.1568066473119
95.9122704896145
96.3980305800214
97.058803395601
98.6557860895991
99.1482089019846
100.549951678142
101.790868690005
102.707621397683
103.283477964811
104.540602707537
105.698283738224
106.237524667988
107.426817541709
108.939726843964
109.633790597552
110.158466913505
111.748065206921
112.034894007957
113.160230548587
114.675382310525
115.613528091228
116.804861925775
117.484631886706
118.828044291353
119.782887421781
120.723218036816
121.840114026796
122.455619253451
123.334885842865
124.610068961745
125.477637689561
126.843282532645
127.851241464494
128.038709364366
129.691248701187
130.716678062221
131.341064583743
132.455965225585
133.165685401531
134.316223257687
135.500244537601
136.928673997754
137.460425360128
138.567476077238
139.627737116069
140.390059205936
141.532562639564
142.841066963039
143.833296633558
144.679894851986
145.264589763246
146.764553610003
147.31402161438
148.092637839261
149.719779949868
150.804039499722
151.853815629845
152.288421508856
153.249891118845
154.009632924106
155.385688970564
156.161475194152
157.631711493712
158.836599555565
159.386263979366
160.870913693681
161.897679132875
162.476934364997
163.237330388976
164.897462325171
165.376904449193
166.476842045318
167.39764785883
168.454332590569
169.3270887658
170.13579154457
171.192202856997
172.668070410844
173.862902294844
174.119146374986
175.47877777461
176.423850249033
177.734987122007
178.216185946716
179.699201815296
180.774902593112
181.437821481377
182.077484010952
183.138380911201
184.128065577708
185.870443676366
186.475707564736
187.559440275887
188.288625666406
189.516068839002
190.556388159283
191.251440137159
192.795268773567
193.455146757886
194.308062878437
195.272348375991
196.715386892203
197.994320282713
198.500187595841
199.516038462985
