0.626825709827244
1.7775633232668
2.77416585595347
3.19616357376799
4.36670709494501
5.26031290367246
6.33733610715717
7.29889163328335
8.89378034626134
9.7174580253195
10.6557307937182
11.5065080234781
12.3904481583741
13.8317800820805
14.1962674991228
15.6326302220114
16.4989128594752
17.9404979452956
18.2683318895288
19.4661990792956
20.8372748997062
21.5001313788816
22.8205224913545
23.0607682082336
24.1163117093965
25.9085119110532
26.4049986472819
27.1185146905482
28.7728813039139
29.0811326641124
30.3483213058207
31.8461330332793
32.3165730491746
33.8350956828799
34.0239220012445
35.0026656263508
36.2970169847831
37.8652518950403
38.8078185047489
39.7869608115871
40.7788911333773
41.4400584043469
42.9575176716316
43.8504922525026
44.467355631059
45.7483782800846
46.0950593855232
47.0488503584638
48.0842504641041
49.2042849464342
50.9814244683366
51.4225628650747
52.6643697058316
53.5922059267759
54.227294289507
55.461740036495
56.9868202412035
57.6402640412562
58.5091425834689
59.2023091476876
60.9298489580397
61.113595231669
62.9764839690179
63.3482534203213
64.0230578253977
65.4578093655873
66.2490257557947
67.5443833640311
68.4337045860011
69.6899159280583
70.6265438648406
71.5917569806334
72.2416623008903
73.0056978838984
74.9062917409465
75.0096044701058
76.2069938969798
77.3561257557012
78.0997465341352
79.4357218299992
80.1444152800832
81.9919393041637
82.6011190132704
83.9067050770391
84.3030114897992
85.6647837751079
86.7550265910104
87.6598677451257
88.6168259272818
89.7380526342895
90.7558406880125
91.8141387042124
92.6806542114355
93.7102636217605
94.8488423007075
95.7993249483407
96.1997303520329
97.8716485663317
98.0890766519587
99.0713691778947
100.474985409761
101.590575680835
102.704430237645
103.804706165334
104.146791245556
105.488218028797
106.456179776229
107.72018128098
108.730817384319
109.365858240519
110.269391158363
111.130887159612
112.095338209299
113.906089008786
114.003003189806
115.798562634969
116.140652527334
117.75470187352
118.638098784024
119.619449004997
120.406411162578
121.295258080587
122.276955362875
123.00658662105
124.1885211505
125.433713679435
126.727814324433
127.441461368464
128.825429110788
129.525766888401
130.893788072746
131.236847858177
132.392714577494
133.362991031958
134.119789423188
135.706362152938
136.337915265234
137.114581801696
138.233974830946
139.643726943294
140.855372535065
141.58751276671
142.095902358415
143.663698290475
144.955123170279
145.27441079868
146.56185145583
147.233096141601
148.11085740081
149.176789095392
150.86857872922
151.483085259097
152.862964543747
153.630351773929
154.847910796991
155.110086934641
156.478860768257
157.225124625489
158.251619406277
159.058748396579
160.632260730024
161.164142847527
162.44966724515
163.789678492351
164.689954332309
165.332429975038
166.23369910242
167.749325835612
168.870361453388
169.778821722139
170.3138514366
171.629841687391
172.991335078143
173.971901959274
174.915130961686
175.704959944589
176.964284100803
177.511006416753
178.601146213012
179.905605223496
180.166837559082
181.36148496368
182.485559532419
183.200330955908
184.21320232749
185.171790594235
186.33147231536
187.187381687574
188.883509876905
189.035136927618
190.139822582249
191.045272095129
192.993556710659
193.334176242584
194.469165504677
195.236035402399
196.97897743294
197.673934563762
198.8987834414
199.129014933016
