0.7953655149322
1.34949163231067
2.40369634283707
3.79246383532882
4.62734122108668
5.06851520412602
6.20408994448371
7.02188466419466
8.72262686723843
9.17397561855614
10.8394553172402
11.5335041652434
12.786382838618
13.2861624578945
14.3302785591222
15.392997115152
16.4748965108301
17.9176710841712
18.3843861354981
19.1309811749961
20.6670970648993
21.6369947751518
22.3767738449387
23.5894847309683
24.2843620842323
25.1091589552816
26.0618134085089
27.2965248299297
28.997432148084
29.0915187813807
30.7857954965439
31.9889312731102
32.706222247798
33.6978560856078
34.0233586460818
35.6835369032342
36.9597315611318
37.3608787227422
38.5092778301332
39.3072562941816
40.550261385506
41.0752213404048
42.6461963867769
43.2815961802844
44.0379870662
45.7997980699874
46.9279100638814
47.3213970751967
48.3211218821816
49.0432695541531
50.7335181813687
51.1971326603089
52.9195064289961
53.0861020882148
54.2198175359517
55.6607324748766
56.2670782357454
57.8884391665924
58.0957744158804
59.3040743069723
60.345673740143
61.7705859083217
62.7273643291555
63.4456092158798
64.0839651131537
65.4453835296445
66.6140886906069
67.2983009212185
68.089092078153
69.2204238411505
70.0807384152431
71.0028402400203
72.8084376107436
73.9388249821495
74.7575543974526
75.3871684726328
76.5084203698207
77.1771090666298
78.2563298044261
79.6487116219942
80.6845188003499
81.5056539790239
82.8356595167425
83.9935050792992
84.118126262445
85.8076633759774
86.1745445805136
87.253396285465
88.7334682350047
89.7337369562592
90.9074725275859
91.6112894681282
92.8657802958041
93.7402980551124
94.7529148655012
95.126404220704
96.9730522606988
97.8386184258852
98.5203409090172
99.5414467137307
100.525332374498
101.620287233731
102.864176534582
103.93962254026
104.374627471436
105.607505200896
106.518570903921
107.39328699396
108.664413526654
109.27674652962
110.140201647533
111.758237813599
112.852130341809
113.59457667917
114.55750015704
115.396172530483
116.584641566034
117.398128339555
118.371778928908
119.742532707984
120.870751427952
121.947595358361
122.551662590588
123.341467810096
124.815078438958
125.5698486974
126.524892606307
127.272777576232
128.864759521326
129.49545244826
130.318220403045
131.269889548421
132.946577884257
133.891276744893
134.925157087389
135.31735655223
136.984073785599
137.006552988663
138.220419668593
139.036403693026
140.269434200367
141.251214183168
142.641629135236
143.172510885401
144.547719440656
145.296663304092
146.089188236278
147.93994390755
148.172757593682
149.646183114033
150.66622844059
151.52668394451
152.594356305664
153.622642445844
154.388985133264
155.945045568515
156.856574800331
157.716192950727
158.916152710561
159.488497245591
160.485581206856
161.834052233957
162.188820585143
163.177059404319
164.296734450618
165.279153214535
166.537694856292
167.979494427796
168.910988886375
169.050839495147
170.4422954279
171.61183420103
172.940775435418
173.104835503269
174.613049321109
175.187274231808
176.699753963621
177.429556757677
178.640162701253
179.581728230463
180.794445623877
181.098403885961
182.447831087047
183.055579790846
184.024367174832
185.579848059453
186.772601901554
187.273311587982
188.579226301285
189.115651536966
190.849860995775
191.990262282081
192.503574029077
193.571471479489
194.685845047701
195.895191135816
196.555191706168
197.826749358093
198.482811141293
199.523231247906
