0.528677309630439
1.15718973102048
2.02013413701206
3.47778695588931
4.74242144147865
5.20367189659737
6.57600378571078
7.63417367916554
8.55957004521042
9.41228544362821
10.2996991118416
11.5133416901808
12.202325560851
13.5328420677688
14.6877911686897
15.6028676477727
16.46736297803
17.06531690876
18.3104652378242
19.5228659370914
20.3510879068635
21.6733490866609
22.3053594320081
23.8147787544876
24.5621246604715
25.5584668079391
26.3517801596317
27.2032597174402
28.01480253716
29.2940793177113
30.7066868676338
31.144141189754
32.1339286528528
33.3107044082135
34.8614246542566
35.5171923141461
36.7761956288014
37.6923345229588
38.0119166939985
39.7610856657848
40.0165631943382
41.4178943454754
42.2774392559659
43.7979362534825
44.9308320218697
45.6574435036164
46.7223465980496
47.8551923534833
48.7807652929332
49.4869782014284
50.253291799454
51.5977332892362
52.2472060241271
53.5891383728012
54.8497723871842
55.3646175505128
56.5303685185499
57.7561305430718
58.1642812690698
59.9155870696995
60.9882396876346
61.9147049945313
62.0614810893312
63.8066609012894
64.670733431587
65.782866042573
66.0244793898892
67.083576135803
68.3315629521385
69.6234427595045
70.2527717310004
71.0772424496245
72.4044014771935
73.4921672309283
74.4035341285635
75.3299186108634
76.9515174531844
77.7223473191261
78.3396905981936
79.2097557689995
80.7813860783353
81.4370333137922
82.2859390813392
83.0913204068784
84.0171537173446
85.0095378663391
86.7331782446709
87.5475355726667
88.5209704104345
89.1416732606012
90.496649972396
91.7927018869668
92.3605843267869
93.3928352920339
94.8974860731978
95.9252303666435
96.4785006952006
97.3703703444917
98.8218269278295
99.6024036323652
100.01017274335
101.034586887807
102.339557695901
103.289790919516
104.585166333243
105.542136885924
106.116755203111
107.036912960466
108.531390474411
109.517836030573
110.419980489649
111.269528663717
112.383666161681
113.128161862958
114.842531159986
115.556588670937
116.764611050952
117.94389776676
118.600821224274
119.958889788948
120.083698796108
121.400183000602
122.717555201612
123.802301043412
124.757062871009
125.714893706609
126.501751629869
127.27730340464
128.698986150324
129.154782729223
130.149265692569
131.51123592793
132.046869992279
133.879108680412
134.959417141974
135.606915053213
136.197247202974
137.89050223399
138.776796578895
139.848783490248
140.231231330195
141.194789165398
142.310140778311
143.673099796055
144.409835170489
145.18057364109
146.937892120564
147.901400890201
148.621262195054
149.51783846505
150.200052096276
151.099009639351
152.34001957858
153.656435671961
154.056898432784
155.881124067353
156.393001561752
157.014529695734
158.566676931456
159.022888587555
160.519173309673
161.984822285362
162.854542124318
163.721962905023
164.643999152118
165.036839638371
166.057426967192
167.492890307447
168.056402446469
169.347107533133
170.691952233436
171.814777634339
172.602148858365
173.843670659
174.03222933854
175.128150431905
176.544743839419
177.121940119658
178.914506164147
179.45569807943
180.562882350292
181.393080385169
182.621808857424
183.626292793546
184.323110165074
185.899213085417
186.865222417284
187.081727328012
188.078336606268
189.043283615261
190.761756819673
191.85497171036
192.495122481836
193.173253831454
194.596726829652
195.217985875672
196.23130820971
197.207634576131
198.404554098612
199.017073191004
