0.422238529659808
1.37688088836148
2.05016836244613
3.29576833895408
4.97918025613762
5.51876444625668
6.06793837971054
7.11516078142449
8.67492524255067
9.01043104636483
10.043121147668
11.0269489954226
12.6601530227344
13.587159109069
14.0587511577178
15.2166452482343
16.7442074096762
17.6354480891023
18.3915158070158
19.0111021639314
20.038015002152
21.2658245158382
22.1183583745733
23.053188372869
24.9081048141234
25.2577239749953
26.9255117585417
27.7002014510799
28.8217297845986
29.7278069204185
30.7496430990286
31.5180346714333
32.2449886517134
33.612277502194
34.6095980189275
35.0703291888349
36.8206079937518
37.1769475878682
38.6173856386449
39.936544359196
40.6196538221557
41.2695665555075
42.7276233339217
43.1616515694186
44.2799004202243
45.8996808070224
46.955776583869
47.7937450152822
48.6480497918092
49.0349763629492
50.5901116796304
51.4807980863843
52.2711166713852
53.5360710211098
54.2646257670131
55.3657748866826
56.2457921372261
57.2240086293314
58.0540829065721
59.7500010665972
60.8248973332811
61.7607014630921
62.962718503084
63.6776360590011
64.8758928214666
65.2895279487129
66.218007538002
67.0367105517071
68.2723212961573
69.4189596853685
70.4152057035826
71.6188977700658
72.6813280568458
73.5324836059008
74.3474965156056
75.4534093188122
76.0385136727709
77.5256842782255
78.7020810076501
79.9731972981244
80.1811321580317
81.4507822811138
82.2457785927691
83.6779488800094
84.1334992833436
85.5452583164442
86.2530786856078
87.302940308582
88.6952843894251
89.5452630375512
90.4277002266608
91.1488612703979
92.5001288645435
93.0220429596957
94.3449690961279
95.2806264036335
96.0556464467663
97.7172509827651
98.3508408926427
99.7462015838828
100.036763207754
101.081095673377
102.965572477551
103.394738213858
104.491770114051
105.22283059475
106.070773164509
107.395680859452
108.26823102776
109.082024877192
110.249867553357
111.56298718066
112.245355617255
113.873535358813
114.5632037092
115.536199263763
116.574495108332
117.932982033584
118.309229714563
119.738295262447
120.474880448077
121.814815518213
122.242019089637
123.991965640336
124.347237621201
125.29043823434
126.308301115641
127.963057584362
128.244587102905
129.838091891492
130.523640154162
131.828620741144
132.251601452474
133.684103669133
134.606165796518
135.36606458039
136.814474377548
137.083384717116
138.768282504519
139.122236092109
140.271863359958
141.493926401716
142.951364140259
143.382201235741
144.927040287992
145.514742966741
146.539757553255
147.177904625423
148.796847013524
149.272715865169
150.335539134918
151.576605610782
152.371291347314
153.454989525257
154.497728013434
155.122105189599
156.423510371707
157.524775509723
158.779240367236
159.138697995571
160.801491260994
161.994417905109
162.434545977041
163.590652727056
164.542050257325
165.226612162543
166.93721660506
167.049111391883
168.884955261368
169.700096591609
170.00662349537
171.347673574695
172.147801357787
173.538828764111
174.040414822986
175.472481387202
176.3677387028
177.377572386526
178.902856787434
179.011066063773
180.571101129521
181.82625398715
182.106077800971
183.145121630747
184.480746519053
185.085389393382
186.719890972832
187.196959571913
188.16798130353
189.562354143942
190.741436957382
191.058716922067
192.552686826326
193.206632897258
194.797684693011
195.205907293595
196.6988216592
197.74178723013
198.952742177295
199.078834858956
