0.743874971056357
1.41322755231522
2.13704613316804
3.68628405407071
4.52170771267265
5.31305827922188
6.7471888223663
7.56704080174677
8.40695449127816
9.21258132322691
10.3660138142295
11.0756147257052
12.0022527158726
13.8074464881793
14.5637668599375
15.5639666889329
16.6320013781078
17.6587107472587
18.2162166188937
19.3463652161881
20.1297212624922
21.5123212328181
22.1321391083766
23.1133188284002
24.2320737217087
25.711466340581
26.7443790254183
27.3107637048233
28.7002466369886
29.5913309783209
30.0022689101752
31.4913685170468
32.9019886772148
33.0366690864321
34.5012091717217
35.8456631456502
36.2452622551937
37.5994327063672
38.3869175589643
39.2849752185866
40.4989813663997
41.7579225152731
42.4550399787258
43.2163253310136
44.1720180688426
45.6601249012165
46.5230122948997
47.0466381239239
48.07304190984
49.71926581976
50.328997454606
51.3359565113205
52.0554161679465
53.4904459877871
54.9109172646422
55.7963371763472
56.2912574976217
57.268126051873
58.2326720540877
59.0552470430266
60.7683941682335
61.6393342541996
62.2109940699302
63.4855492180213
64.4061835971661
65.0877460476477
66.4624526167754
67.8658972661942
68.6642940829042
69.4551299766172
70.4063243498094
71.3298972109333
72.6919883822557
73.5208512544632
74.4187932659406
75.1158775154036
76.8892688979395
77.8240866276901
78.8472130054142
79.1407828596421
80.2241819731425
81.4664437368046
82.0736692522187
83.9963622933719
84.8239620493259
85.7993587844539
86.1835585576482
87.4084844978061
88.8561081241351
89.9613828863949
90.0956369892228
91.3054830871988
92.0264258510433
93.8604152968619
94.937430620892
95.030613999581
96.4080713293515
97.6676174935419
98.3003642363474
99.9133490081877
100.598171495833
101.813867501915
102.797119806521
103.677554355701
104.266004729783
105.722438824363
106.014902541181
107.657017580699
108.490788314259
109.625005208887
110.123328762362
111.279119819403
112.54870529077
113.188139580423
114.002574429847
115.919302818598
116.665163864614
117.512582127005
118.980278110132
119.163676153868
120.830771369394
121.761230979348
122.632699792972
123.250572444638
124.48293351545
125.165656823898
126.923081526533
127.94359503407
128.196485714521
129.97052867827
130.197523405775
131.224874804262
132.44479361712
133.03588328464
134.002903922694
135.728910316015
136.03290283517
137.096406764351
138.478582939599
139.297408639686
140.044611837249
141.396760550328
142.31836257386
143.466053854208
144.418800758896
145.250145056518
146.55111166928
147.650415673153
148.018270821078
149.149541983847
150.904128747992
151.526101181982
152.133128624642
153.837733186781
154.156429059338
155.551807443378
156.159376572585
157.089226476848
158.010612330167
159.017466980731
160.22148244828
161.713532002643
162.512932408135
163.222270044498
164.481702487916
165.838816808537
166.818189798621
167.158930472797
168.319563944824
169.929858162999
170.486775238533
171.842672991799
172.548544548219
173.365785535658
174.55063823727
175.706179944333
176.103065845324
177.767934813164
178.676468493184
179.17247942579
180.182956080651
181.323092413368
182.418202639092
183.796594227199
184.344294976443
185.099213995039
186.107229529181
187.975577413337
188.72035299358
189.811450945213
190.513995920774
191.802191779949
192.642519581364
193.528662390541
194.723732607439
195.341000208398
196.696013945853
197.91439635749
198.931886687642
199.871869295835
71.2164004133083
71.4920726360288
72.7659461116418
74.2877227349672
75.043507040944
75.6466073768679
77.0809451513924
78.1596606653184
79.3279060858767
79.7810017615557
80.730273370631
81.6565021877177
82.9920782851987
83.5621752049774
84.7716322909109
85.6982063595206
86.6458913360257
87.4765992220491
89.3584165540524
89.9163578490261
90.9233831611928
91.4708441582043
92.6834929944016
93.9951759709511
95.3177444650792
95.8182339896448
96.6414314778522
97.6340374620631
99.3612912297249
99.9034266415983
100.765525847673
101.522646049503
103.05754887918
103.665979706682
104.962081778096
105.773826205637
107.171825684374
107.892592026154
108.495833479566
110.33293662034
110.54408713989
112.251064228825
112.785926099634
113.948918296956
114.816385750426
116.273418509867
116.769903176231
118.189831044525
118.63759524445
119.64657976618
120.9216135717
122.229850910138
122.543209986296
124.232217832934
124.915960706072
125.71966833435
126.453164020786
127.469414213207
128.947386338841
130.2161416132
130.692811989458
131.920869937399
132.770887227496
133.418052518275
134.960247437935
135.727164933924
136.544855833752
137.51356046414
138.759740649723
139.8029233173
140.894279476721
141.627838503104
142.603158114711
144.19653575751
144.746434946079
146.333413809072
147.380501655862
148.061896201223
148.458784428658
150.382279862417
150.521441846387
151.47115359758
152.82860858622
154.123677613679
154.474446051987
155.697588073555
157.117904787883
157.839339725906
159.062378743663
160.024567805463
160.683867740212
161.456614411436
163.296098359162
164.016012036242
164.752371382201
166.274134655949
166.481927187648
167.700998807326
169.259999706876
170.360520218266
