0.706932531669736
1.17494635120966
2.39931731438264
3.14911795035005
4.10589327174239
5.50938490894623
6.76050301175565
7.08603783207946
8.37276251637377
9.69605544954538
10.7602933761664
11.6877310597338
12.1134692579508
13.5260460006539
14.8041615460534
15.8163624219596
16.3518025930971
17.175671185134
18.8204824035056
19.8051884525921
20.6233077037614
21.6367327971384
22.8346085606609
23.2433781370055
24.5251695676707
25.1535877939314
26.6659800345078
27.1291055732872
28.6023293375038
29.2427628443111
30.3873212679755
31.4698193438817
32.1463105750736
33.5294557102025
34.6492473459803
35.0229042749852
36.3104854414705
37.5855712341145
38.5701066094916
39.3537506076973
40.1837676540017
41.3953614498023
42.7568010229152
43.9488044162281
44.8042272927705
45.1149798776023
46.780853307806
47.3148390764836
48.4820880049374
49.3923283321783
50.4320877890568
51.1236057505012
52.4744147290476
53.9460174965207
54.5123602219392
55.7474705979694
56.0316853306722
57.383593544364
58.1240537583362
59.1033538731281
60.6624127735849
61.923321450362
62.1096875555813
63.9014300401323
64.6572049281094
65.2667302419432
66.7170138964429
67.8541772209574
68.6906898501329
69.8087306923699
70.3534134998918
71.8605104817543
72.5131325565744
73.5113230955321
74.1265635027084
75.0302625533659
76.2833476841915
77.2016854519024
78.3069510245696
79.6432695931289
80.4514314262196
81.9847259551752
82.471134240739
83.3450545470696
84.8980157193728
85.8867776086554
86.1261814094614
87.8263896582648
88.5331841949373
89.172903518891
90.4507608141284
91.1571987047791
92.6795271337032
93.9478470468894
94.2357005695812
95.327670431463
96.1190685958136
97.6217386461794
98.1936909139622
99.0528361545876
100.382999369642
101.660550672561
102.652059851913
103.10363652138
104.914900075877
105.861476095626
106.26461060252
107.425158570521
108.321152920602
109.020891316934
110.47966573853
111.602248972515
112.34792884998
113.725985961035
114.192070941906
115.258130381117
116.474240212003
117.608877509134
118.339422457851
119.611000488279
120.880612702807
121.475609346293
122.026703933021
123.743174623232
124.520050040912
125.767735784873
126.889907231787
127.47820626176
128.459967876319
129.155707369791
130.751151724951
131.458981176605
132.026724380208
133.675578767899
134.117297878489
135.221951248124
136.751307738945
137.677312833956
138.860023970716
139.735591757111
140.755385991884
141.422089940635
142.409998072544
143.893882808043
144.177146752831
145.099652698031
146.546243154444
147.115620037541
148.492862277664
149.004786840174
150.532834304497
151.34756886703
152.228786534164
153.442717571044
154.938509410014
155.02936154604
156.051345023094
157.204510134179
158.28429585835
159.533399455482
160.921192032751
161.393460754072
162.71449439507
163.478005883982
164.233268302632
165.355664265109
166.731288655894
167.643295906251
168.8515584704
169.24488228187
170.341822763905
171.244468317367
172.200643878197
173.99847221747
174.007726909593
175.727739924332
176.460707754828
177.066006586421
178.717257001903
179.264837720199
180.462391135748
181.303081992082
182.090982460184
183.952857241035
184.017349851085
185.436338475207
186.388982890174
187.449106382206
188.966034898302
189.377508923411
190.605309644481
191.976699993247
192.454494060948
193.132307316875
194.994849990821
195.165560109308
196.105834224494
197.05700292252
198.894845256116
199.672723192722
