0.872244365280494
1.06938516721129
2.54586041020229
3.02590146497823
4.31996182608418
5.66229825257324
6.69182981434278
7.57936081336811
8.22334175999276
9.68544177943841
10.8517284588888
11.7547266222537
12.2547696656547
13.2914470816031
14.5986693478189
15.5756916361861
16.341892395867
17.8794155248906
18.3009088255931
19.058163075475
20.6625005768146
21.6334779250901
22.3530681245029
23.3574967810418
24.7240567153785
25.0194581646938
26.7350627647247
27.5021677231416
28.338805335341
29.2051353750285
30.6102628598455
31.8922174817417
32.7518042097799
33.2763616761658
34.0648432562593
35.9622478305828
36.5201015225612
37.0654467588756
38.3738333103247
39.7600027993321
40.1737463723402
41.2151213195175
42.504576334497
43.4815558595583
44.2377145588398
45.9638610370457
46.9165947739966
47.0618489196058
48.935677875299
49.2675932783168
50.2934737841133
51.7153252083808
52.4959027450532
53.4217865795363
54.1484714027029
55.0670113542583
56.3778089615516
57.9286515798885
58.6662401389331
59.9979454700369
60.3906325842254
61.4169183948543
62.0200635786168
63.2668291584123
64.865297031356
65.3380788839422
66.8224582164548
67.0854875615332
68.0443397755735
69.2408201831859
70.6403185413219
71.5130342515185
72.8828565862495
73.823879676871
74.2544003506191
75.2379670669325
76.8559400066733
77.9215234878939
78.1417012088932
79.7349151629023
80.0363713381812
81.099935654318
82.28763513593
83.8243055699859
84.0669456105679
85.5022676880471
86.2949912962504
87.3476466783322
88.7647202135995
89.9623708387371
90.1671655944083
91.632640831871
92.4138789745048
93.2974222118501
94.4179503303021
95.635333847953
96.7696638300549
97.997021162184
98.0657975100912
99.2050073777791
100.927342716604
101.78807050013
102.103481678292
103.055425346829
104.365151524311
105.3066798707
106.03460095264
107.617769398727
108.210148246959
109.423571398016
110.064342209371
111.474386470858
112.278347110376
113.745925131254
114.136807549512
115.301193022868
116.541902250145
117.834825712955
118.50904178014
119.870066832751
120.361117778113
121.663507208694
122.5655885546
123.713925591437
124.016402176814
125.07227278105
126.755490818527
127.610543150688
128.228096059291
129.641063943505
130.429489043541
131.899256770965
132.036343465094
133.194755912293
134.5564777744
135.796963826986
136.122768772999
137.552900622832
138.795635861577
139.970708717825
140.808055379428
141.55478728679
142.919796751346
143.095774545334
144.966640757164
145.464310425101
146.648113706149
147.208329660818
148.44806666323
149.267267534975
150.033571511973
151.958148604492
152.817504149862
153.057074326323
154.808363830205
155.394935231423
156.019222932868
157.740307594417
158.267949176487
159.184866354801
160.461286525242
161.605784661369
162.396834715037
163.3728224074
164.482757189311
165.890824589413
166.035845333943
167.80168537749
168.578525488265
169.248529843753
170.543110738508
171.298117699334
172.846502351575
173.59991219244
174.369207837153
175.315090176417
176.35765218595
177.032821114874
178.119170948397
179.207255731337
180.090243693674
181.142182925716
182.082719166297
183.390941641759
184.617798588239
185.352224428207
186.120605211938
187.940630662721
188.401253959397
189.512006855803
190.766869144747
191.224194322713
192.063916116953
193.071417015046
194.707756849006
195.844684596406
196.667265434517
197.73153283284
198.443762262352
199.433223670581
