0.96154099679552
1.69107676623389
2.72532940190285
3.36230165138841
4.7272577106487
5.73176702484488
6.72750132158399
7.32021829695441
8.43765687406994
9.91512502147816
10.5227360271383
11.1957494583912
12.121347365668
13.1782513214275
14.8712093995418
15.5698872862849
16.3943472050596
17.8216380230151
18.7066203190479
19.873799565481
20.1990648759529
21.2176198293455
22.1897572290618
23.941345078405
24.5384565789718
25.3128865978215
26.4304509086069
27.7388660556171
28.0489856174681
29.4377096286044
30.2172725354321
31.5843191379681
32.4133132274728
33.8414362082258
34.3804988376796
35.1290527870879
36.0871071040165
37.8338782719802
38.1614627919625
39.1020082535688
40.3129082655068
41.4405692548025
42.7508866831195
43.2389281173237
44.268028922379
45.4304586064536
46.2667337257881
47.4466890301555
48.0488123302348
49.5441276142374
50.7914733570069
51.6245395485312
52.8262161465827
53.321382203605
54.7495577344671
55.029249382671
56.8201123340987
57.8445425357204
58.3798383264802
59.5131935493555
60.0356181857642
61.2549080273602
62.4752412904054
63.7244019601494
64.8501985813491
65.6629840866663
66.4766393397003
67.5732860239223
68.7863105854485
69.0113213548902
70.8362304405309
71.0337340408005
72.5852491671685
73.133676846046
74.4397302737925
75.1413272940554
76.3838331638835
77.5178779885173
78.7390234072227
79.9199611069635
80.6223325347528
81.7139490295667
82.2683656166773
83.9643810312264
84.2359260071535
85.5922819424886
86.0162165334914
87.7997659817338
88.6098193125799
89.4740083536599
90.9345960738137
91.5802450687625
92.8469212767668
93.0496250267606
94.8520435176324
95.9195857092272
96.4223566667642
97.3221551666502
98.2314707317855
99.5754551023711
100.460182508221
101.944507517619
102.313128950074
103.95222960948
104.829723135335
105.362695320742
106.594313255977
107.227631381946
108.047816465609
109.184313989244
110.657065522391
111.399827378104
112.082643460482
113.362697700504
114.603950288612
115.522815176519
116.778276934521
117.003777738195
118.473444614792
119.475776397157
120.009619007586
121.20629022806
122.612325268099
123.713159093633
124.689611083362
125.896971719339
126.462041228078
127.671312769642
128.519033698365
129.074047460686
130.335127325729
131.959364606999
132.194733174751
133.281446805457
134.066033761716
135.382702032803
136.509056514129
137.697530132951
138.912075427826
139.058542704443
140.003862757469
141.682618960971
142.472510352731
143.479821719928
144.711063991999
145.565743464744
146.751134389546
147.904672895791
148.587307703216
149.814215015154
150.639569607563
151.601821258431
152.662301547825
153.743556946749
154.003097612178
155.204825715628
156.427947076503
157.550675103208
158.510335437488
159.74720299826
160.069324570708
161.092008666368
162.301419068361
163.275779173244
164.087299312232
165.89089292963
166.093998482451
167.80613220972
168.092806541128
169.830222952412
170.514150829287
171.804215580458
172.248434691923
173.002297134604
174.822609924246
175.593555532862
176.167164192302
177.105887020938
178.202412086306
179.999601139221
180.305217014858
181.973860826809
182.362151073292
183.161730128573
184.53178743273
185.632160227513
186.266228343593
187.551480992697
188.508212380577
189.879622642649
190.405831886688
191.582270404324
192.553946186323
193.012148816604
194.437260991428
195.178899261635
196.92226677225
197.474276415538
198.06048332504
199.398150682915
