0.217542197322473
1.88492354331538
2.79119266360067
3.74902628804557
4.40210247109644
5.85198422521353
6.28858979302458
7.17932402645238
8.42681605368853
9.45527412090451
10.4676151194144
11.7880215817131
12.039666565368
13.3693318888545
14.6869193189777
15.2909254068509
16.0466360228602
17.7380456218962
18.8542057943996
19.7651325287297
20.8818772847299
21.3752067449968
22.0748283476569
23.6906733794603
24.7139136907645
25.9314825246111
26.2143587393221
27.2629481025506
28.2769300630316
29.9165888051502
30.4182273333427
31.1827951737214
32.2658472910989
33.7300485495944
34.7290854034945
35.5246051296126
36.0471566019114
37.2953474319074
38.2944759947713
39.9728559732903
40.9454885020386
41.8583215046674
42.1398964754771
43.9426252779085
44.764324213611
45.5311196860857
46.4280970494729
47.7306470244657
48.5745047074743
49.4272798472084
50.7618019212969
51.2910359732341
52.8395665800199
53.662532345159
54.7041296472307
55.1792334734928
56.3869034696836
57.6930031466763
58.4503234662116
59.8499203776009
60.2945264859591
61.0573706536088
62.4770099536981
63.0404518370051
64.2491602867376
65.7065939120948
66.0766279608943
67.8131323151756
68.9329421164002
69.4224276007153
70.50886921864
71.5984470769763
72.6969788796268
73.4141893270425
74.6430784689728
75.3186421783175
76.5606165202335
77.8481945730746
78.2309536233079
79.4378954761196
80.7816525627859
81.6102537584957
82.7467801880557
83.9761008962523
84.7614436734002
85.0961849642918
86.3753103113268
87.089564421447
88.4422940372024
89.2071781568229
90.5054585973267
91.9025992655661
92.6358940084465
93.4217188949697
94.8338338881731
95.6796257691458
96.3018951462582
97.031726794783
98.3341589129996
99.5332026390824
100.267829896417
101.168558522593
102.99648381304
103.18603822845
104.922610374866
105.386923845392
106.677667296026
107.763897115598
108.70923994435
109.571934104199
110.302976958221
111.85830541281
112.451979794772
113.060117080808
114.725386478705
115.197373212781
116.441891461378
117.053944893414
118.402692659758
119.512113353936
120.676484132884
121.755584550789
122.483936503995
123.726066624979
124.369804172544
125.114095242461
126.548608053243
127.190987227717
128.21191536379
129.619934427785
130.121932872804
131.095572260441
132.717526377644
133.005386676406
134.116807589773
135.40769058303
136.764661530731
137.720473242458
138.12296640547
139.569418295054
140.628524983302
141.14580182801
142.789412031649
143.801268738927
144.162144950591
145.022153424565
146.033223057631
147.088559011696
148.249656271888
149.25048272172
150.717799907317
151.244333493756
152.148267566459
153.82874101121
154.950671954313
155.924369645305
156.521464190446
157.512452106923
158.498405789956
159.249499286525
160.954649971798
161.546563947806
162.07635157113
163.875305457041
164.19316897192
165.11323839589
166.699548792094
167.57770267874
168.631927426672
169.218083352083
170.525874286192
171.79850504268
172.81160719553
173.833948165411
174.518431073055
175.518785680179
176.946037205402
177.212512939004
178.063424718101
179.871615373995
180.4088879216
181.743017031811
182.414084394462
183.652482746635
184.035437402315
185.135912484489
186.658369730227
187.180764338933
188.263462012634
189.872880855342
190.111160312081
191.455684273969
192.49951927294
193.277974017896
194.551162696211
195.173862261465
196.184336991049
197.34561424423
198.813689893344
199.5018375332
