0.418611159548163
1.95568645466119
2.68565840786323
3.60849160584621
4.69554095575586
5.52881453512236
6.89783268352039
7.75450580264442
8.3424876993522
9.89535108534619
10.3291749332566
11.8839156050235
12.9255765127018
13.706998499576
14.9284932778683
15.7010759406257
16.3880380736664
17.9037024469581
18.0201274289284
19.3681700229645
20.0553607968614
21.0482918019406
22.4531382748391
23.0965845712926
24.1493936162442
25.6459381149616
26.8322262833826
27.6287381178699
28.8779969809111
29.7578457582276
30.1645343231503
31.0447103509214
32.0349202670623
33.9965216454584
34.701328298077
35.0251133583952
36.6325897220522
37.0108235275839
38.8500568163581
39.1129354585428
40.4498441435862
41.0821937550791
42.3509640458506
43.7608211413026
44.7782006403431
45.5621831731405
46.6369524381589
47.2213092506863
48.5154289985076
49.9642101088539
50.1090416389052
51.8220454768743
52.0620304595213
53.7525228459854
54.3090002066456
55.8708955098409
56.5284645773936
57.5918307180982
58.794907204574
59.0493963831104
60.1151184057817
61.556550868554
62.5880825854838
63.7328568338417
64.4803425152786
65.9222252503969
66.9734224567655
67.2014951158781
68.1476760243531
69.7637067730539
70.0687010406982
71.0327503425069
72.4676841530018
73.6892771152779
74.4967310635839
75.8082219918724
76.9585302418564
77.1870957668871
78.1941741027404
79.1352894399315
80.8594773525838
81.1961535003502
82.7944745770656
83.4529033715371
84.3435966342222
85.404213702539
86.9811696172692
87.2687278401572
88.062552029267
89.5736611753237
90.6022216812707
91.1467928788625
92.7263158406131
93.262120959349
94.1261813140009
95.7267104161438
96.9674653902184
97.0722991889343
98.4083514884114
99.6945644691586
100.291628556326
101.394775210181
102.188630036544
103.642514516367
104.83630574774
105.552034800407
106.264811123488
107.538380318321
108.86024008994
109.929540829035
110.374749959912
111.617396725807
112.125431338325
113.212018999038
114.238505481975
115.53722070693
116.312420886476
117.021233472275
118.797936455812
119.189511516131
120.000152732711
121.8754111093
122.819120313041
123.251133823767
124.888109109597
125.785460055573
126.206182622816
127.470544456271
128.764732098673
129.253679842222
130.049724478042
131.651634063805
132.568674972048
133.386043294566
134.184718570206
135.730510053691
136.12806389248
137.134616230614
138.942336197477
139.030369953951
140.624363094801
141.700669180835
142.774642853765
143.714606343536
144.467867304804
145.074044068577
146.060141062131
147.121380731231
148.326799206901
149.115761202294
150.924993586261
151.926813001744
152.462964623934
153.897012349218
154.875314579811
155.93834455614
156.292714800918
157.495286802296
158.548007355537
159.543893500464
160.41528083873
161.004875564482
162.028202071786
163.734233756317
164.895852028858
165.705430816393
166.482472102856
167.872318394482
168.459521317622
169.983630975941
170.593437464442
171.555745011196
172.904027330922
173.751602256903
174.603016087553
175.397162875393
176.954017483862
177.002371676033
178.382496682694
179.125107685337
180.982924794545
181.322799541755
182.208814106416
183.198295846581
184.989744368708
185.064505371498
186.728486790089
187.528049771441
188.435807348229
189.856052659452
190.700100191403
191.493218208896
192.915978971869
193.704405578785
194.515430764528
195.732152295066
196.86044725962
197.099515173584
198.078907952644
199.030504691647
74.5115819503553
76.2058880270924
76.7052044686861
77.9807061068714
79.3164842976257
80.2059484117199
81.4451020257547
81.5542476561386
83.1444175106008
83.7926808707416
85.2766835065559
86.4850216100458
87.4178242238704
87.9077904063743
89.0205802745186
89.7269749387633
91.3665001427289
92.0175905330107
93.0115525110159
93.638576131314
94.9547371296212
96.2171554849483
96.5469283279963
98.3297487406526
99.2234436979052
99.8283111783676
100.836426260415
101.656407397939
103.48769751098
104.24702082132
105.386863257736
105.624480093364
107.128724906361
107.75054735248
109.438426598674
109.618572252337
110.665973709896
112.313431555172
112.626268735854
114.450659061084
114.544059273787
116.035541812424
117.340154252714
118.036445582751
118.834695701953
120.474110124866
120.554738406092
121.689651884604
122.988596188836
124.335925636813
125.253383873031
125.802250830457
127.272306550527
127.906097768806
129.048839077353
130.110408836976
130.814548183465
131.855250668479
133.134121476673
134.170881827595
134.588019508403
136.472846174845
136.950806961395
137.766080137575
138.611264757579
139.79351511295
141.173618867761
141.774018711876
143.205439920304
144.294798580464
145.435770975193
146.307717674412
146.624690754805
148.441115729744
149.488342637662
150.181394465966
151.490842131199
152.353800479556
153.452789173927
153.733474544715
155.049728062702
155.951389183989
156.662873781752
158.096739920555
159.478775250027
159.836258662632
161.194698293926
162.110349237453
163.241691148374
164.282938042423
165.010020280955
166.486052123597
167.336265680846
168.457500595832
169.243525767
170.193563413806
170.555057267193
172.014217182295
172.65672790492
174.247389626456
