0.345473106717691
1.82846949552186
2.12427192553878
3.78310422529466
4.59580588224344
5.52981484285556
6.17551711923443
7.16261676023714
8.0305775005836
9.08304377202876
10.1550463614985
11.7338006228674
12.657350365771
13.0464399075136
14.2933478225023
15.6449389597401
16.6759845006745
17.0951311010867
18.5114011787809
19.1770325095858
20.3264386099763
21.1308141553309
22.2620817329735
23.8026820032392
24.9365799915977
25.3425401442219
26.9717237625737
27.4585120384581
28.876622548094
29.7101204295177
30.8974589456338
31.678068109788
32.3954829785507
33.6359587500338
34.6450807284564
35.9445848276373
36.3758667747024
37.0081919436343
38.5112057116348
39.2539992365055
40.7873646751978
41.0147676223423
42.2697813156992
43.9904469219036
44.8180904905312
45.8085685621481
46.8445528806187
47.7273300900124
48.9423531009816
49.6022370492574
50.1979097668082
51.7758969345596
52.8057359603699
53.2341110478155
54.8024656812195
55.4743798172567
56.4711889594328
57.3163440558128
58.4959325320087
59.2676082607359
60.0782023565844
61.5435280695092
62.945606831694
63.1462052066345
64.2396514848806
65.9119629133493
66.0745568631683
67.7723458975088
68.6550498751458
69.9238463907968
70.0060604750179
71.9440080525819
72.5167125833686
73.2414463583846
74.8155991784297
75.3494297147263
76.6353942081332
77.8047192862723
78.2482971856371
79.2395626178477
80.620065202238
81.641440478852
82.3304472886957
83.4456917301286
84.6964275639039
85.5732858316042
86.3824112468865
87.3288281396963
88.3113443977199
89.2671881848946
90.6513394764625
91.7048430675641
92.9402132383548
93.2444814192131
94.6217635036446
95.6515095294453
96.2565411839169
97.8622458253521
98.5066924537532
99.7886292419862
100.733147508465
101.297206772491
102.058687701588
103.904251797358
104.530735088978
105.146858935012
106.397543069441
107.791748079471
108.79307659273
109.921527551487
110.439160537207
111.684213718399
112.190697450656
113.018780335318
114.080597575754
115.011974427616
116.1510938711
117.862540027825
118.21231393679
119.123962943675
120.157077073352
121.960039622849
122.492381589254
123.683048148872
124.8329398809
125.292517056921
126.327750607627
127.21965951426
128.857185899746
129.94714972144
130.965013732435
131.294269797625
132.106009635143
133.166203789413
134.198717745021
135.396926051937
136.683938986855
137.561219610739
138.11441300041
139.720114212483
140.818859360181
141.786913480377
142.173381346511
143.708463983377
144.256211881991
145.494653495261
146.009626626037
147.605867381673
148.340229293797
149.827951444546
150.636243017623
151.296654750127
152.7577160371
153.070740523515
154.415594007354
155.830881337635
156.689055081923
157.431860240642
158.371494813822
159.320879776031
160.500911932671
161.815010859631
162.440371831181
163.352591175586
164.533857035916
165.092205994762
166.00346202706
167.444675123086
168.612839422422
169.031341416528
170.818286754424
171.519552224781
172.372034298256
173.129863617243
174.994036350865
175.092783917906
176.008045079885
177.784796027001
178.348426843761
179.438484285958
180.301880879095
181.560233605094
182.679441791959
183.865117906826
184.436628809664
185.909009050345
186.848475783365
187.450366792036
188.704222090309
189.339393313508
190.904159957776
191.835768021178
192.54802293703
193.677551212721
194.78730779863
195.406566252001
196.976433097152
197.864942329004
198.80473277811
199.833042788552
