0.231308805057779
1.29496290604584
2.54922330356203
3.86569868284278
4.10089257289656
5.3138009228278
6.38763933768496
7.76494288258255
8.58378507895395
9.22482314519584
10.738311046036
11.0311659672298
12.2727425994817
13.8109469823539
14.950327194063
15.5640391348861
16.7681223221589
17.8488979968242
18.9959303729702
19.0982173504308
20.7348409355618
21.8559637942817
22.3192319748923
23.6060434032697
24.3938700566068
25.1613078154624
26.1888078635093
27.8968348002527
28.3414603210986
29.4187021485996
30.4245849517174
31.4801585972309
32.3355600303039
33.370253176894
34.7274340447038
35.1839238661341
36.3063270589337
37.6603236910887
38.5590893197805
39.0959474458359
40.5206000150647
41.9224498115946
42.9587347691413
43.1871206369251
44.9992997413501
45.7702032784
46.7538342098705
47.938194243703
48.8721924317069
49.4795515090227
50.3139981727581
51.5375935661141
52.4945308328606
53.4878604500555
54.7453516852111
55.5492245864589
56.3230817210861
57.6328098047525
58.5034422937315
59.1092436066829
60.5510178685654
61.1854709729087
62.6852957927622
63.7614122391678
64.1034473017789
65.517802471295
66.3241213723086
67.3199087595567
68.9844989792909
69.2878632990178
70.8961497801356
71.9634671260137
72.8473076622467
73.2509385806043
74.4694286265876
75.0899832192808
76.2490265783854
77.4440627885051
78.9103568657301
79.4107690739911
80.4646072206087
81.9628267434891
82.9845339988824
83.8085311204195
84.9667667993344
85.8288496301975
86.8775003277697
87.8206539563835
88.9105653585866
89.7058540338185
90.2258954176214
91.8863353964407
92.2308303576428
93.2631868012249
94.2254716709722
95.7770583336242
96.0849941011984
97.1538829933852
98.7755818674341
99.4930399570148
100.217113063671
101.554201459512
102.957171150018
103.542666229419
104.347863115836
105.241321759298
106.051403925288
107.443610896356
108.829472687095
109.691910190741
110.631899958011
111.355421245331
112.853940442437
113.534878270235
114.377466067206
115.462806020398
116.94158371957
117.162837056909
118.414128081407
119.513058983721
120.869113374269
121.103308935417
122.523273556493
123.812683999306
124.489829987753
125.137136070291
126.926907223882
127.748226211173
128.107260435587
129.566576952348
130.020834238734
131.642832286423
132.561383438529
133.07340736175
134.196442682762
135.651896140072
136.06839036895
137.478113805642
138.240870769601
139.802487666253
140.129818240879
141.828199071111
142.183516169433
143.496762616094
144.097788926912
145.444111195626
146.455338043626
147.834014571737
148.425295459572
149.054372164654
150.33314439049
151.255067264661
152.084792039124
153.820550505072
154.548629791941
155.503130224533
156.146186045604
157.327019884717
158.178697855445
159.770423328271
160.117802447872
161.570143179735
162.455828318838
163.691039022757
164.690121665597
165.352946665604
166.613192377379
167.925393411657
168.397863098187
169.715810043737
170.02108956594
171.312940140022
172.063743227394
173.644300766522
174.445285785478
175.806289604167
176.846562880091
177.847906515002
178.945721945027
179.688536483562
180.343619874446
181.945803472074
182.929411942139
183.799098550342
184.296614367282
185.979289284442
186.891994552221
187.804962165421
188.849074193276
189.842024044599
190.052982796915
191.595338961808
192.249416381586
193.089325112058
194.742611184251
195.481551105157
196.386424568947
197.968648138223
198.464621047257
199.487694328651
99.5031381722074
100.440436397446
101.163119824836
101.973987358389
102.918466251343
104.259841643972
105.646568270866
106.624368719524
106.799270654796
108.076389351394
109.229818736203
110.357827157713
111.428279730724
112.704100597883
113.087873162935
114.322995284572
115.397882687161
116.417090852745
117.586620224407
118.760346284136
119.712279723259
120.241675594123
121.100335126743
122.030968343373
123.601537792012
124.686985017033
125.696289936546
125.898822986521
127.644183485536
127.939426784171
129.190320175607
130.095853093546
131.619147329591
132.417836584151
133.399796604179
133.896850500023
135.192642194219
136.158486975357
137.484512091149
138.07917087106
139.593488567043
140.243071326753
141.388308530673
142.511723256204
143.723365000915
143.803205698961
145.243343406357
146.476085977862
147.769067871617
147.977502120426
148.964987968327
150.540768881328
151.129419973586
151.955485908547
153.061701674247
154.038176559843
155.468090773793
156.227432430023
156.923899289221
157.997172801755
158.837436932139
160.196078057168
160.956334954593
162.487957011675
162.857032609638
164.497090889374
165.214705967112
166.739781384822
167.34504862735
167.956767923431
169.502101188758
170.468611116288
171.570504191564
172.46864727186
173.355984212831
173.784922178136
174.900071005104
176.315828400897
177.41209635674
177.775936986785
178.869099775795
179.995309585705
180.857828776119
182.475256245118
183.573713327292
184.760575689841
184.989337927895
185.965578699019
186.977108765859
188.291571179638
189.728664525552
189.879169667372
190.793001608225
191.9732689464
193.446220481768
194.2983024735
195.127970579546
196.645007596817
197.529997261707
197.873029304901
