0.0937274487223476
1.60637390217744
2.19516271376051
3.63252482819371
4.73447364056483
5.88948618690483
6.27171999891289
7.50536695215851
8.52346703177318
9.50023423903622
10.1164760084357
11.2894772004802
12.192115646787
13.4699009968899
14.8039406263269
15.764488305198
16.1321896587033
17.758185849525
18.1564184629824
19.0362324926537
20.2166204282548
21.2844658477698
22.5561347887851
23.6390491500497
24.6910022087395
25.9321925349068
26.5193251573946
27.4000635177363
28.4703436908312
29.128500506049
30.9134062633384
31.4895647575613
32.9087399602868
33.7633165994193
34.5503618454095
35.3237107549794
36.9050178916659
37.6183704307768
38.1337734912522
39.6749597408343
40.9705520945136
41.2863733011764
42.2692472834606
43.3425207384862
44.8960145141464
45.5100755463354
46.2717720214278
47.2599290120415
48.3909469121136
49.7728244150057
50.1286500382703
51.4361224388704
52.827358748531
53.9354927088134
54.3280764278024
55.1230144652072
56.7929678705987
57.944296985399
58.7966934114229
59.9958234291989
60.8269039760344
61.1018995756749
62.1055236845277
63.1655365182087
64.3386266417801
65.5504304103088
66.167604272021
67.113815712044
68.878208556911
69.9482167081442
70.1047268973198
71.2865814317483
72.1326620194595
73.9983220321592
74.9400430382229
75.03321655537
76.7606488279998
77.9479456408881
78.3556654143613
79.5375112711918
80.2016327790916
81.8056737435982
82.7717072614469
83.0465303456876
84.1292043202557
85.0167436269112
86.5675413117278
87.8750579250045
88.1354095421266
89.3594892397523
90.7771609481424
91.2317464519292
92.5124762211926
93.4544693308417
94.6157467104495
95.5000979111064
96.6230454090983
97.0304075721651
98.6223904623184
99.434265519958
100.952167976415
101.064277249621
102.278822453925
103.408622132614
104.88555724686
105.213090148522
106.33058392047
107.505255577387
108.415610122494
109.623080946971
110.998036734993
111.500993157271
112.504268965451
113.741117072059
114.120658489875
115.708836667705
116.457163675223
117.571376940701
118.938024432398
119.741888036253
120.142956681317
121.639888636768
122.869567831047
123.378382470692
124.350962109864
125.800356794382
126.107340726303
127.535614992725
128.202990211314
129.1010988364
130.574595604325
131.863716747146
132.272995103151
133.69008084177
134.011115487665
135.373424600111
136.050707668532
137.277827032609
138.840443821624
139.54363838397
140.400861003436
141.964559046784
142.544462603983
143.530977707123
144.382618753705
145.211676286999
146.317765344866
147.841741287382
148.057359200669
149.826556078857
150.903079109034
151.969055755995
152.934245528886
153.290398243116
154.043134977343
155.307340662926
156.172727416968
157.356462241849
158.816832726123
159.817396637751
160.398693262134
161.720179123804
162.966426263098
163.472700230544
164.910061254166
165.443888386013
166.53693804564
167.178116791183
168.47162281652
169.307783770375
170.263243492693
171.243303196272
172.270067312522
173.478367669275
174.764128264505
175.074687884655
176.53740960313
177.378242589533
178.360419953242
179.485458117677
180.939278963022
181.382500175619
182.391399132088
183.099387911847
184.997030883795
185.641105449991
186.276376753114
187.548058428569
188.131956744706
189.720811701845
190.503664665157
191.760943085188
192.219557023374
193.377295050304
194.332712435629
195.470470827771
196.091293905396
197.294291310012
198.47522146604
199.057713693706
