0.927153935888782
1.43258161051199
2.13703656289726
3.33769425540231
4.67157535115257
5.86570547963493
6.01381483231671
7.64419461740181
8.0480913168285
9.21236122399569
10.5291251151357
11.1004203860648
12.2581305624917
13.11753557669
14.5379272482824
15.0488709176425
16.5070012588985
17.8233165843412
18.3342990849633
19.9951886255294
20.9000657119323
21.9545355972368
22.2865636136848
23.1639790444169
24.0172943845391
25.4654219744261
26.4875486691017
27.1321065733209
28.2852527706418
29.5587082987186
30.9726365855895
31.6798947637435
32.3602766562253
33.8362308919895
34.2358683142811
35.0844248745125
36.5487077487633
37.0459037234541
38.7675712555647
39.0311802003998
40.8891902759206
41.2180621854495
42.7292030502576
43.3348931947257
44.4964985589031
45.2308761468157
46.1415554322302
47.5522955597844
48.5512721734121
49.0319270414766
50.3504014371429
51.8498438571114
52.6781324576586
53.9321864224039
54.9081720979884
55.1818451974541
56.3233585259877
57.5347999797668
58.0479953619651
59.3203617674299
60.8091988943052
61.0143338819034
62.355413461104
63.9242531191558
64.7425452293828
65.7741081195418
66.5854266493116
67.3311675330624
68.2293540020473
69.6077986401506
70.0902672684751
71.5323614391964
72.5820122249424
73.9253137875348
74.6569128078409
75.3536730126943
76.6381681680214
77.8062235731632
78.1342071378604
79.1236575026996
80.4883864100557
81.9816946149804
82.2903560812119
83.2748778576497
84.1279442687519
85.600074587157
86.5901221486274
87.1040797824971
88.1437023007311
89.7608854791615
90.6183766496833
91.4353301159572
92.9887247851584
93.0530428707134
94.0493418693077
95.2210209234618
96.6215624709148
97.237877235515
98.0138630217407
99.8463552305475
100.16332418588
101.327461590059
102.263234938029
103.578888073796
104.314122414682
105.484634274384
106.285946531221
107.157053539762
108.694615906104
109.328055537306
110.552085980307
111.558718302986
112.118467526278
113.012927677017
114.435948299244
115.192900964525
116.864487835206
117.001507916255
118.127106078202
119.320678384043
120.196650997503
121.141610501334
122.276780155022
123.77203398291
124.179967887234
125.064116236055
126.252181984019
127.281295039924
128.525398963131
129.699289783137
130.171205831692
131.797706200974
132.693240708904
133.434150556102
134.030628606677
135.833505025366
136.640119275544
137.762625040486
138.456862868974
139.108834315091
140.791838640114
141.765728909755
142.43805430131
143.282387502957
144.095071732067
145.116179781966
146.882169209886
147.188766350038
148.377028750489
149.050634500571
150.54358100961
151.208378177835
152.779563513119
153.863369379425
154.714400548954
155.626457403414
156.065975659993
157.641160918633
158.352383386344
159.445988469524
160.760981240077
161.930124023231
162.701347720344
163.158648527926
164.113539340207
165.221253732452
166.420778939733
167.970685545122
168.702688414836
169.943588998867
170.560935426271
171.981860474451
172.57789205201
173.633226630511
174.72847637278
175.369500262197
176.354473699117
177.618552833796
178.92661566264
179.786565612536
180.810487878276
181.183998797089
182.710492427228
183.69895201805
184.430146503029
185.026877322933
186.96111394302
187.911006241804
188.543012526352
189.45574460295
190.89002099866
191.460134784225
192.745902108727
193.181356241694
194.479802010814
195.759137538727
196.264206164749
197.116545358906
198.007624188904
199.120712653967
