0.426122827921063
1.96456981496885
2.06518211681396
3.52607242274098
4.8212720816955
5.35514039127156
6.72799782385118
7.86797469481826
8.16812276095152
9.60885384306312
10.5514212299604
11.8371084292885
12.0653932089917
13.4640905265696
14.6588340669405
15.7893614571076
16.6151749156415
17.9889199219178
18.2522899890319
19.2530390692409
20.523883726215
21.6605086906347
22.4916391975712
23.0464793611318
24.2555911743548
25.2052918530535
26.0235704653896
27.8672190972138
28.544419254642
29.3337026452646
30.30665249913
31.75529683684
32.3149181641638
33.4029343407601
34.7655176906846
35.4755597417243
36.5506443956401
37.6834420578089
38.7455465714447
39.4157359828241
40.640797901433
41.4791799634695
42.2521291240118
43.9737194362096
44.467631254578
45.9419690656941
46.3609463495668
47.2537221584935
48.9294493526686
49.2188439699821
50.5836039443966
51.2593708336353
52.9612573781051
53.0683886606712
54.1997953278478
55.4508016647305
56.8588839829899
57.0331902198959
58.0662277771626
59.3395167989656
60.5841890340671
61.1521868514828
62.3404710399918
63.0606662342325
64.9589288407005
65.4380122732837
66.808360039955
67.6370416213758
68.3364208384883
69.1776141491719
70.7019982668571
71.4874394696672
72.7534314547665
73.9133619160857
74.0475103307981
75.2367905420251
76.8748776463326
77.1672630689573
78.6165786820929
79.484330349369
80.1976594890002
81.6519338733051
82.829069821164
83.7842172663659
84.6885700749699
85.4127532942221
86.0185598894022
87.360063146567
88.3164575241972
89.5873206320684
90.736388822319
91.9842304333579
92.3155915457755
93.5171274563763
94.4303375177551
95.8503269124776
96.1493259703275
97.8499501673505
98.4943554033525
99.2042710820679
100.783362423303
101.737582788337
102.974572193809
103.500665393891
104.817131259711
105.578748110682
106.102288534632
107.581497123232
108.698957662564
109.75687789754
110.87803630461
111.750990032451
112.357052181847
113.791996248299
114.343720211647
115.806344438111
116.202944333898
117.061695358949
118.482893216191
119.156866686186
120.306197783444
121.416435671505
122.41164938244
123.955703673884
124.549822427798
125.921066869516
126.730512999697
127.979115110124
128.494918214623
129.751348368824
130.879169919295
131.385018695146
132.961334102089
133.257471394259
134.866570648272
135.679783217376
136.480570727959
137.423454442993
138.019548439654
139.739625782007
140.843926425325
141.512254885631
142.238794569159
143.930820963113
144.560469087912
145.006905904971
146.08585001505
147.442650778918
148.304543391103
149.620759272249
150.071416199906
151.533478383208
152.164620494237
153.005065146368
154.450051849941
155.484665036434
156.667076943209
157.827570913825
158.80044886726
159.395425551105
160.204292265
161.374903018354
162.561714222888
163.104660240468
164.114390226547
165.093665256165
166.994538480416
167.167061733315
168.20648746402
169.787682984723
170.986651956569
171.033371467842
172.951933148084
173.366574945394
174.976160104154
175.286675106734
176.547203641152
177.629589089192
178.965675500222
179.669680672232
180.135160163743
181.685372829903
182.318086846266
183.78563482943
184.995307528414
185.023347163806
186.454302811995
187.281709690113
188.877876863582
189.609686243581
190.972158105113
191.782071986236
192.822858479107
193.838671072852
194.020208747359
195.221732377773
196.417679976206
197.202466174727
198.098590262467
199.934112624265
