0.90655134129338
1.87086619855836
2.70251064631157
3.95043183094822
4.98171501606703
5.04132170067169
6.97399270441383
7.18502350058407
8.19620152446441
9.75089426827617
10.6737342032138
11.6845235710498
12.0229422876146
13.7179701232817
14.2460672680754
15.28355998802
16.4225763932336
17.9705126457848
18.947279154323
19.9213085963856
20.217674122192
21.681379863061
22.8237280263565
23.8236629769672
24.1093216112349
25.7211749204434
26.4501028659288
27.2975966345984
28.9590790271759
29.2267573075369
30.0685550007038
31.2089986691717
32.0951625776943
33.5720099287573
34.6109409022611
35.435977414716
36.928936035838
37.3498731197324
38.5073094158433
39.9714580911677
40.5031555576716
41.3053070127498
42.0222994717769
43.1972771580331
44.6692175383214
45.8188885657582
46.5476130866446
47.8668002795894
48.9910815912299
49.0442644387949
50.505312994821
51.8467505113222
52.7071911350358
53.118735557422
54.780398641713
55.0435741236433
56.1246470750775
57.176604622975
58.0965589755215
59.077683056239
60.7214624134358
61.9230811072048
62.9468391090631
63.379345940426
64.1302441956941
65.3217614954337
66.0675585237332
67.506575307576
68.9507987031247
69.4971708930098
70.3428569608368
71.5839420303237
72.1798378489912
73.3168323810678
74.7638182723895
75.2761912785936
76.3356302743778
77.1777831504587
78.3415838459041
79.6101136945654
80.5886040064506
81.2665091920644
82.9937799079344
83.1714455527253
84.2660356783308
85.0217564108316
86.9901145233307
87.1683912603185
88.649988681078
89.2571505298838
90.7615320754703
91.1821427354589
92.5384147951845
93.5155529079493
94.6205828206148
95.0931033580564
96.9446699903347
97.1346796769649
98.7344387352932
99.9814990800805
100.647340379888
101.119956524344
102.818593558855
103.4983190028
104.10263300268
105.944941978669
106.379319228465
107.417607133975
108.182263649069
109.563679765211
110.864883455681
111.166451097699
112.460881132167
113.934780457988
114.68302266323
115.388458719943
116.579415441025
117.563954706537
118.874056682689
119.914698267588
120.912635831628
121.406016914174
122.633843688527
123.116620165994
124.868364219554
125.153364507249
126.080487777013
127.183388225269
128.616763603175
129.550459340215
130.520049813902
131.569728736067
132.884381879121
133.239880350651
134.123588813702
135.925340222893
136.056306160754
137.385165822925
138.136349990033
139.930214765714
140.313518640352
141.260489192326
142.310086117126
143.204254210228
144.334521904355
145.675373062026
146.372195600765
147.113375978312
148.203984390013
149.31717605656
150.215698146494
151.785806364147
152.906588325277
153.38740082155
154.594682123046
155.753320198273
156.073107716395
157.771561122034
158.753969213692
159.45687760273
160.287046840414
161.268442085944
162.867326891981
163.26576173096
164.149608918931
165.681513352785
166.513782609021
167.682137772907
168.036385259358
169.676597537939
170.899242380401
171.260108255083
172.560995962471
173.468348111957
174.920637513045
175.943312230753
176.720328176161
177.989194354741
178.099062545924
179.629783154931
180.809101203457
181.161265138304
182.059352186741
183.709791635163
184.40634732577
185.236087517813
186.131436239462
187.788544435753
188.737697208999
189.679572426481
190.198951731203
191.150198538322
192.625442057382
193.015781910159
194.198427940952
195.515619531507
196.993134517455
197.402711647796
198.539023403777
199.888908075634
