0.677382045891136
1.6307745219674
2.85521745914593
3.23695996310562
4.31124403094873
5.59505110722966
6.31995800021105
7.33594295731746
8.98659067600965
9.94127951003611
10.1363483679015
11.3401672798209
12.4218164389022
13.4499162784778
14.8734822575934
15.3133525657468
16.1921182512306
17.2308699437417
18.2795362882316
19.2030439074151
20.7716305577196
21.4305999551434
22.7338383879978
23.9014919616748
24.6103101344779
25.593723392114
26.8367218975909
27.3392403053585
28.4683444800321
29.2811638775747
30.6995290974155
31.8965204923879
32.696772867348
33.257397066569
34.3539474555291
35.3369744159281
36.3251585080288
37.5387479374185
38.3349312527571
39.2467201577965
40.8916337732226
41.9665096770041
42.2813345300965
43.6333077277523
44.8893848210573
45.7909243474714
46.3541417745873
47.3034591248725
48.6704369750805
49.3502918342128
50.5826169347856
51.7064846197609
52.271362864878
53.6646304265596
54.6768803242594
55.9060201100074
56.0447345562279
57.8101074891165
58.2367139053531
59.4555860857945
60.9416515063494
61.4901913083158
62.5662275718059
63.8298204280436
64.1915334458463
65.2708041146398
66.6859583277255
67.9397982577793
68.0386837972328
69.4582339138724
70.4394339884166
71.355396424653
72.9585926614236
73.6979727675207
74.9992628218606
75.6329056776594
76.1050091509242
77.083452331135
78.9011393894907
79.6527574262582
80.028946044622
81.5366945671849
82.8732833883259
83.9967295536771
84.7038711509667
85.6055106611457
86.3844678862952
87.8963298914023
88.6168095027097
89.0449085116852
90.8774020730052
91.7520169725176
92.729593811091
93.613486195216
94.5155436932109
95.5523117273115
96.6992965408135
97.2390262491535
98.0406201421283
99.2917197574861
100.825545297237
101.48933989252
102.055864771595
103.810374597088
104.258923950372
105.448974301107
106.253614251269
107.166024638107
108.98693582695
109.326666950947
110.402245221427
111.732452343917
112.651896498166
113.349976097234
114.132964585675
115.22363894782
116.432601942681
117.951451455709
118.958121624775
119.832817354938
120.239813724533
121.691234055208
122.296770310961
123.46930989367
124.081846167566
125.640308953822
126.994074149989
127.24431073037
128.979219387751
129.957013207721
130.076172657544
131.54189586523
132.626284539234
133.427563681966
134.342918994138
135.625319525134
136.169643806992
137.132202340057
138.758935751859
139.3910474882
140.654077236773
141.090468758252
142.000745543744
143.36950981617
144.005134156207
145.294048269279
146.963475008262
147.546764001483
148.629604377784
149.412584912032
150.77371620154
151.387595254229
152.399086059537
153.749664382776
154.99191055703
155.082627483411
156.5964040705
157.170019899961
158.520930567523
159.771218942711
160.368421706604
161.38091485342
162.646670165705
163.463018340059
164.170979275601
165.367035010597
166.911439542659
167.490465197014
168.426674790448
169.310868247412
170.734178225975
171.613938116701
172.103313385975
173.779788342305
174.735906383488
175.345820887946
176.04172273865
177.837603671476
178.479637766723
179.038111023838
180.157075258205
181.733569318661
182.275450452231
183.128469640156
184.25455722888
185.043902432546
186.087925239466
187.680593617726
188.815279490314
189.080138564343
190.34392196429
191.962193762418
192.294254764682
193.305518489098
194.808368290542
195.777389622526
196.902968773153
197.327655040892
198.249039694667
199.271438108291
