0.357425757683814
1.73562593432143
2.03403920261189
3.80999693251215
4.90731287328526
5.62577318563126
6.92747624404728
7.1308636458125
8.75537601555698
9.93396271392703
10.1611656583846
11.3041676746216
12.3071740616579
13.7097169065382
14.253300813958
15.4125736064743
16.1154017308727
17.2092678218614
18.3783661054913
19.7848422212992
20.3972353984136
21.1707266678568
22.8666073787026
23.6961009940132
24.0548238481861
25.8566151498817
26.029054279672
27.4239393284079
28.9841892994009
29.706383501878
30.4304784410633
31.9340075161308
32.0668327503372
33.6497518196702
34.5826251674443
35.9590706464369
36.5564007409848
37.6485675184522
38.8497821683995
39.6319502873812
40.681279304903
41.7805651375093
42.5907617050689
43.9220294111874
44.3435862278566
45.1431491395924
46.5512644739356
47.101287598256
48.5319072983693
49.4132450050674
50.5965533265844
51.7059045615606
52.2037612434942
53.7237947424874
54.6080941369291
55.3117665939499
56.9272283711471
57.9080435980577
58.8876375809778
59.8095780119766
60.1871999497525
61.7493501494173
62.2739232045133
63.6386141588446
64.6122219399549
65.5694540310651
66.6043569282629
67.6160719885956
68.420644633472
69.5596317464951
70.3643322503194
71.5074913229328
72.1717305206694
73.9219473027624
74.6177600300871
75.5023300216999
76.1938901848625
77.5327993247192
78.7649348441046
79.3303628670983
80.4498987197876
81.2743408756796
82.4384243376553
83.8888541366905
84.1846668743528
85.4376914093737
86.9682485095691
87.5603239210322
88.2880706980359
89.0963758032303
90.0817353466991
91.7150036420207
92.3377046498936
93.3230568657164
94.1203231175896
95.2170427381061
96.3771757988725
97.1479296751786
98.2252103742212
99.5382619120646
100.035114766797
101.455563730793
102.836555162445
103.745936424006
104.957157316152
105.172023303807
106.282277933788
107.270432053832
108.963576678652
109.23113335832
110.074224104639
111.631695029326
112.906466623535
113.853247573134
114.630070890533
115.302558943629
116.511138687609
117.517644581152
118.620887783589
119.76777487318
120.776726488955
121.458582308143
122.882352691842
123.791360142874
124.129383738851
125.490305201849
126.848942887038
127.350367598701
128.054581501056
129.212474632775
130.88779282989
131.341360318707
132.011785471113
133.935714738909
134.681799549609
135.815677258419
136.479604890337
137.581953438697
138.922113510314
139.022762459936
140.861004914157
141.291829319205
142.783476701938
143.677180114202
144.429799722973
145.913371608127
146.123770196456
147.763941914309
148.364571999526
149.452805631561
150.303037227364
151.584543429082
152.057963856496
153.004538356792
154.318281960674
155.970299817156
156.222779743141
157.309251992498
158.106577426428
159.709405374015
160.866107292939
161.999679050408
162.964138096664
163.364313903498
164.929898545844
165.177262778161
166.334782643011
167.748059395468
168.954375354806
169.197305052308
170.288288905751
171.790043937741
172.518389354926
173.003004495753
174.580263320822
175.90124135674
176.765668279724
177.986160703935
178.419225388905
179.586768358015
180.965314324014
181.15131408046
182.384973972337
183.857106599491
184.82541380031
185.046625971561
186.337571661919
187.796994230943
188.13174312585
189.916452623671
190.322024271358
191.185374218039
192.067578932503
193.605528099695
194.296296631917
195.180541467387
196.393318028422
197.221741390182
198.420970727224
199.78175404761
