0.497174362652004
1.40910755121149
2.9021683477331
3.02734479983337
4.80814749794081
5.565777258249
6.33958767657168
7.52013300103135
8.1207110399846
9.53899240144528
10.805117220385
11.651408215519
12.6024890297558
13.4519530846737
14.678677539574
15.7127807366196
16.303893209435
17.436271492159
18.1532913281117
19.7613817609381
20.2159669357352
21.7700626396108
22.2986636888236
23.0806150408462
24.9263776473235
25.0923799802549
26.190960777225
27.7280075699091
28.7033450976014
29.1783268607687
30.1473957856651
31.5539890395012
32.4400245468132
33.5039640113246
34.5367971612141
35.9792437215801
36.9115294439252
37.2008934805635
38.8331441422924
39.5050668567419
40.647987044882
41.0210575975943
42.7960888729431
43.8508864375763
44.7674509119242
45.6588261304423
46.525462110294
47.6020718673244
48.181125048548
49.7394521818496
50.6528661549091
51.0530712930486
52.7896750418004
53.7095868967008
54.6846592568327
55.0707680070773
56.6372156802099
57.3727268471848
58.0718150797766
59.2824334276374
60.8846619604155
61.7322820997797
62.190916294232
63.4551621098071
64.3283020879608
65.6384517943952
66.9435934943613
67.3941897891928
68.0457978216
69.9080759675708
70.0963694886304
71.9768059453927
72.7636596376542
73.8098381031305
74.3351463752333
75.9266135008074
76.3772575524636
77.6442226832733
78.2297809149604
79.3177259725053
80.840338454349
81.0005343351513
82.1710159385111
83.6276431393344
84.6653914705385
85.3231599170249
86.4562117427122
87.4837558548898
88.3746006493457
89.3752066574525
90.2728590969928
91.2260462143458
92.4399138991721
93.9645520602353
94.0467909900472
95.9914420163259
96.3658397332765
97.522634336492
98.0577569757588
99.8495144217741
100.303391041234
101.84485815512
102.56458551297
103.298395164544
104.39903100091
105.336797927041
106.514073949074
107.818539545871
108.315143581014
109.218977812445
110.297097873641
111.90250033699
112.166347930674
113.935515025398
114.261166900396
115.50596804684
116.203535958426
117.339200112503
118.903272833209
119.674584837863
120.629240671871
121.768564461032
122.470500306925
123.539781264728
124.730372360442
125.566832592245
126.84524395247
127.105820078403
128.634314896539
129.72415275895
130.65070603718
131.12035652739
132.791264489293
133.015342184575
134.572610787116
135.581272627227
136.874581115087
137.64650031575
138.019172010012
139.315891652135
140.780700848438
141.574507338461
142.078128773021
143.689111634158
144.893084340729
145.477677560179
146.059033789439
147.401244076435
148.177832773421
149.528525879839
150.374626767822
151.115816619247
152.456113599241
153.805624931119
154.717654605163
155.499276791234
156.938140027225
157.144090541173
158.482410518918
159.419666166184
160.696553396294
161.623894087272
162.493731462862
163.940495745512
164.319549973821
165.479804823874
166.997366850264
167.031332995044
168.212532220641
169.69692141749
170.47259402019
171.997140441323
172.928114033304
173.234415783081
174.644430582179
175.593593280762
176.083428309066
177.92048784066
178.291303161066
179.309059645748
180.02017316944
181.711224809056
182.01065262151
183.765855195699
184.946163780987
185.616430980153
186.720929942559
187.18217270053
188.112524652854
189.200340894051
190.157592926174
191.951965583488
192.425866010133
193.441834891913
194.679125147639
195.063878728775
196.405810205732
197.616413532291
198.892008807743
199.337683453923
