0.0159941662568599
1.69453160231933
2.7681373085361
3.34146718331613
4.68572438601404
5.62943958980031
6.4137731064111
7.67937428108416
8.05694961245172
9.62613591644913
10.0210929103196
11.8210724275559
12.9703170759603
13.0740483652335
14.4165613236837
15.6121165188961
16.3434111047536
17.1300130244344
18.6885071471334
19.1027785069309
20.6717358180322
21.1958537527826
22.8980165745597
23.677222933853
24.23081981414
25.6482016192749
26.1076640279498
27.8763195241336
28.5321730696596
29.902479078155
30.9236811336596
31.0271702397149
32.6010185678024
33.8572436103132
34.8806850635447
35.9190090305638
36.6792279421352
37.4315670358483
38.6725431571249
39.6299278587103
40.8699958990328
41.2869082498364
42.7077394879889
43.1823055357672
44.8869078257121
45.8809679970145
46.2877691306639
47.3506155144423
48.8144974694587
49.9047201103531
50.4916909444146
51.4906493499875
52.9332826964092
53.0998771244194
54.5165859074332
55.4636927361134
56.5808853325434
57.1858823471703
58.1236380271148
59.1102686261293
60.0474594116677
61.3242369100917
62.1924923406914
63.0978862275369
64.0066641219892
65.2439504275098
66.8543983302079
67.5673366659321
68.6156912525184
69.007825120585
70.0558267992456
71.1019444938283
72.1679962282069
73.190030638827
74.7133079150226
75.9212083593011
76.8589266913477
77.5965803987347
78.3725648780819
79.3831154755317
80.0338399184402
81.0864198887721
82.5903713486623
83.4458746558521
84.120693477802
85.8660152263474
86.6401601594407
87.6959570560139
88.4788583714981
89.9203950325027
90.805784012191
91.5494515688624
92.292527574813
93.3568536564708
94.5037197624333
95.8682888078038
96.6637798054144
97.3561114009935
98.9036287078634
99.0506635133643
100.240516327089
101.589741599513
102.237236550543
103.700256997254
104.162472975673
105.252849835204
106.743785692845
107.992925077444
108.619479499292
109.244927942986
110.245809185551
111.0668387115
112.746373764472
113.15733525902
114.167124922853
115.465951029677
116.973288367968
117.056977184257
118.805058063008
119.406993413577
120.07424356183
121.328343865694
122.527419402963
123.769161328906
124.042029232485
125.685407831101
126.213750104653
127.237869577715
128.884540848201
129.372338075191
130.681834252318
131.235081768362
132.457876594039
133.651718310313
134.156770732719
135.700880614342
136.775579826208
137.675647940952
138.865472788457
139.994517992716
140.015944538871
141.65675452631
142.460906352382
143.042132811388
144.864965003449
145.826756821247
146.610659772065
147.427202205872
148.18545138347
149.98780470388
150.931189467199
151.576364002656
152.792110742303
153.897013936192
154.062723083422
155.324446436483
156.638637853321
157.468175472459
158.672578558093
159.368849971797
160.758033617632
161.845971352421
162.888329147361
163.894790475257
164.010628504213
165.991778718075
166.228827675106
167.113407179248
168.626695188461
169.875492603984
170.029914691579
171.114838811802
172.846422830829
173.392191764899
174.436027551303
175.435509267496
176.231269788928
177.593781912699
178.668079340598
179.353539434727
180.083689193241
181.861166490475
182.552695917897
183.471590790199
184.867202390451
185.349418211496
186.933155816048
187.739007582655
188.157389732311
189.314175639302
190.900360882282
191.916089537088
192.413284344133
193.255686177406
194.901505066315
195.720111603383
196.222036878578
197.696768930415
198.956559262471
199.441976777744
