0.0821804758161306
1.42304213903844
2.02226203377359
3.65993687440641
4.39915516157635
5.12829913338646
6.51316273258999
7.00857020076364
8.26876831799746
9.51782534667291
10.6415585416835
11.1749561384786
12.9167338849511
13.0445010042749
14.0059900025371
15.7336404328234
16.3634789295029
17.7221550308168
18.0917966032866
19.9043217834551
20.5829031777103
21.1307309081312
22.4174631258938
23.8109393683262
24.0163363898173
25.8889668784104
26.5628259002697
27.0581874127965
28.6146876316052
29.1793394510169
30.4501676380169
31.5959948881064
32.9996132289525
33.8720418787561
34.520361550618
35.9182217670605
36.8620401786175
37.2390258295927
38.6558852081653
39.8356245507021
40.345583697781
41.5544496194925
42.7838841963094
43.5927389918361
44.3831610302441
45.2653508535586
46.0431575786788
47.3403222656343
48.3953500983771
49.5915584580507
50.1123879784718
51.8175739664584
52.8109473830555
53.0667673784774
54.1984689191449
55.8082610480487
56.6387597715948
57.0131260666531
58.2043189243414
59.9548107867595
60.6171963065863
61.4977276769932
62.58957387181
63.440126823727
64.842964626383
65.948335738387
66.3480624130461
67.7832365275826
68.5056807491928
69.1803875057958
70.0057153857779
71.7361364734825
72.9951682994142
73.3970968297217
74.7913190429099
75.7750113538932
76.2900481189135
77.1724937576801
78.5058919072617
79.772278243443
80.45047001075
81.8091505486518
82.4910734049045
83.0876845114399
84.3943466674536
85.9575995143969
86.126472703414
87.9202041840181
88.3883382526692
89.5796941912267
90.7165496665984
91.6187635585666
92.4856601373758
93.6335977357812
94.779816581402
95.6450360408053
96.7159872325137
97.9279344303068
98.1735101207159
99.3877618601546
100.04516366031
101.326338585932
102.749902310548
103.690742290579
104.482913991436
105.220749069937
106.665470951935
107.2947685041
108.407713708468
109.21108065173
110.828319534659
111.360677181045
112.363952559885
113.012281607836
114.472182878526
115.400239807088
116.979494947242
117.02816249826
118.979608745314
119.201384491753
120.343866050709
121.793951878324
122.390301154926
123.329785736511
124.00354516576
125.244559193961
126.74400839908
127.86926344526
128.624696059618
129.188814843306
130.836576688336
131.721445515519
132.139210743131
133.55838677939
134.976635217899
135.371354775503
136.268110934878
137.173084934475
138.276110667968
139.861598482123
140.590663885931
141.276142228395
142.906569752842
143.860778160859
144.525323574198
145.966945194406
146.245277796173
147.069764072774
148.79652345553
149.860384772765
150.716154878028
151.386241651839
152.925889742561
153.181594361318
154.491948329145
155.354867118876
156.88298143167
157.961770016234
158.86344390572
159.440749175614
160.478886554483
161.171416592784
162.101174822543
163.77294174186
164.856070882408
165.227698767092
166.929942257702
167.135091295233
168.825211534044
169.431246372405
170.632260292536
171.820473480504
172.579362696735
173.090163048124
174.834720459068
175.598467868287
176.831261739833
177.945257327752
178.812655628193
179.563790756976
180.746181266382
181.380077732028
182.315502899932
183.479271648219
184.714574936777
185.32846740284
186.865244569257
187.635700447951
188.174136505462
189.283444750588
190.770954792621
191.407171052881
192.553252724232
193.387597291963
194.925840516575
195.505048892926
196.275117732817
197.38633785001
198.79275812488
199.190244503086
