0.295061971060932
1.80335583188571
2.02110699703917
3.0997011763975
4.7874217890203
5.41105926176533
6.83269060682505
7.52015635999851
8.37797443103045
9.39079484832473
10.2782379542477
11.1418526042253
12.3440458087716
13.6618522964418
14.6708485896233
15.1143904705532
16.893295371905
17.8139708114322
18.0318168106023
19.4385280366987
20.8253732025623
21.4320324703585
22.7158402905334
23.6724360401276
24.2597795238253
25.2012081658468
26.9612883618101
27.037883330835
28.1022187960334
29.440972507
30.1518383661751
31.3742614290677
32.5118240911979
33.1374389040284
34.4042863182258
35.5953257929068
36.4653753913008
37.0593483557459
38.7533035688102
39.7999988244846
40.0674551457632
41.5903919974808
42.2185401527677
43.2597683884669
44.5542104046326
45.0979515968356
46.7635878422298
47.3701964213978
48.0203178783413
49.6343518975191
50.2828187691048
51.3314076825045
52.4867626628838
53.4703905486967
54.4044441091828
55.0114837659057
56.3055422855541
57.4888515591156
58.6633521632757
59.1031553247012
60.1329697065521
61.3760009463876
62.7092020167038
63.062050820794
64.3550835808273
65.1860789253842
66.9978856740054
67.8395626181737
68.9837997474242
69.9565876438282
70.5514072442893
71.2348908099812
72.6898799876217
73.2452590258326
74.0476133199409
75.4022820803802
76.6234247675166
77.4236235199496
78.0954019236378
79.9432614089455
80.1363597528543
81.2674398170784
82.5850423334632
83.93524899357
84.6798979290761
85.7047777653206
86.566762343049
87.9794088057242
88.3039122868795
89.2296410847921
90.2947441299912
91.3116651782766
92.2148023266345
93.7606698633172
94.6244766379241
95.006620535627
96.6640882901847
97.4608045341447
98.2094048548024
99.5379286597017
100.507571870461
101.29293646221
102.870464036241
103.592846751912
104.359691368183
105.667938770261
106.584193999181
107.472899437649
108.594335448928
109.466663596919
110.334680489264
111.416502275271
112.787636182038
113.872166933725
114.832949953852
115.019394267816
116.13691122923
117.476496757241
118.835974568967
119.185285220388
120.444797229953
121.1170935384
122.591246104101
123.762637354666
124.61676058406
125.037879272597
126.263413297944
127.466582377674
128.227279510815
129.944240503944
130.48605943867
131.586353909457
132.461355951382
133.241351178149
134.274151812308
135.181759603787
136.087678836891
137.257754629944
138.910378803732
139.538389567984
140.600997596281
141.359681221889
142.39733385155
143.014101618668
144.81513737957
145.03336252179
146.817866725381
147.186564316275
148.426586873829
149.587308951654
150.181212793337
151.568373337155
152.088297111448
153.950178903528
154.423532598419
155.583377312636
156.117876965087
157.305576586397
158.397928391583
159.558336744783
160.13077134802
161.918724994408
162.460117527051
163.212545902468
164.704639486037
165.09368457715
166.678448780905
167.308461466571
168.928176478483
169.297764752293
170.561250343453
171.818646665663
172.680402408354
173.953803646378
174.182716090931
175.257146472344
176.057379961014
177.873170343693
178.311027385993
179.337710707681
180.162220078986
181.577883337159
182.263921461068
183.90328944358
184.661870071432
185.817103198264
186.133799455129
187.841855902458
188.486899274867
189.858230699087
190.411848527845
191.630148700438
192.335427022073
193.971577068558
194.555706533603
195.324386572
196.903057957999
197.809529323829
198.564820698928
199.366386290174
