0.108596541220322
1.28690535691567
2.22202977095731
3.29413516796194
4.10178518504836
5.12677452946082
6.16494108526967
7.60100485547446
8.59662646101788
9.87855070526712
10.6038940779399
11.2524152779952
12.1706618443131
13.5856297384016
14.6200310164131
15.1913062524982
16.5806891939137
17.6341744493693
18.1437022662722
19.2768658644054
20.5761136699002
21.9416091942694
22.2271028696559
23.5551645946689
24.8035264515784
25.565928605618
26.6089438972995
27.7678708054591
28.0775550885592
29.780909990659
30.6997096582782
31.1605025189929
32.9577551751863
33.6086283286568
34.8222313688602
35.4707537447102
36.9267033771612
37.0746915999334
38.5460819534492
39.0116794207133
40.3679884583689
41.6255890617613
42.6880200821906
43.6583418333903
44.8504748397972
45.1194176969584
46.38163936208
47.4867812460288
48.2600634612609
49.6720160557888
50.1170433931984
51.6489467900246
52.2065480041783
53.9040861029644
54.0244406901766
55.1209842565004
56.0990947643295
57.3264781772159
58.3382851667702
59.0479254820384
60.2101522770245
61.3783648046665
62.5563621439505
63.3594211186282
64.655556865735
65.2679743079934
66.9649183377624
67.4608875573613
68.8299454904627
69.846740588313
70.3947074613534
71.908662648173
72.0746235956904
73.3065455409233
74.3409904022701
75.8478318182752
76.8500949803274
77.265953110531
78.0371676692739
79.8134401906282
80.775664309971
81.0800583311357
82.6668229601346
83.4109919646289
84.3444558782503
85.4434479211923
86.5023087977897
87.5574898731429
88.8249809681438
89.3642398309894
90.1302300200332
91.8265369473957
92.0853332406841
93.0234725107439
94.5674971793778
95.563032547012
96.5561867065262
97.3946252039168
98.6777186484542
99.8944606694859
100.19455831917
101.49900502665
102.601749331458
103.755467293318
104.905082240002
105.381670920411
106.685302321799
107.989300992573
108.815081067383
109.028584053274
110.284660914913
111.594300354831
112.449508714722
113.191439002519
114.57056450122
115.187922674697
116.920040584635
117.605832083151
118.651572326198
119.800298379268
120.951638755854
121.105689779855
122.93519973103
123.916294201277
124.25178293651
125.804550866131
126.940052585211
127.504535550252
128.085935644107
129.251259132288
130.310095931403
131.845659526763
132.352660149103
133.852691458073
134.909692322137
135.520331469364
136.908310832456
137.152034365339
138.272085075267
139.919212495908
140.089330898132
141.430314726196
142.665838527028
143.324530888814
144.245954578277
145.270694119856
146.572025095811
147.637726328801
148.828179633711
149.393557554111
150.480388705619
151.810758027248
152.527911094483
153.285044667078
154.256874620914
155.248716783477
156.279509163229
157.7467757829
158.191501025576
159.140724670142
160.648351050681
161.074698007433
162.289720270783
163.580415778095
164.391117387917
165.252223808784
166.772968991194
167.58813546272
168.87186857406
169.434681175509
170.467126061441
171.793632888468
172.469378603855
173.434618685627
174.941654440016
175.896392245311
176.020734647522
177.331081910292
178.176076887408
179.263107757084
180.878016648116
181.891608669888
182.310162144713
183.504781997064
184.818283127155
185.907255496597
186.39831108111
187.821314088535
188.646308088209
189.527535031317
190.822655826341
191.195159466239
192.59456890868
193.312352971872
194.367290238617
195.152968355455
196.369215624407
197.039575170027
198.453200290212
199.10769547266
101.172244817484
101.338265123777
103.074117184617
103.656770225847
104.262223465834
105.274838994956
106.39807232772
108.155376584502
108.972275371896
110.04803676391
111.054754657904
112.076545387274
112.603337932378
113.598613411188
114.458689765306
115.572613659548
116.531685063383
118.012132059317
118.361679360969
119.48324245913
120.413446626393
121.282082552323
122.563327165321
123.503749049036
124.529964976944
125.8997413998
126.645226245513
127.406127586728
128.262853409862
130.114423412597
130.538255973253
131.783470014343
132.987121013226
134.081905862782
134.777402749518
135.773711123504
136.628328664228
137.37346203276
139.147750926903
139.554020984331
140.56811094447
141.654875980224
142.951526172692
143.98541896278
144.59769867803
145.259842444444
146.342398382258
147.986210954143
149.057093860814
149.607314014575
151.096052346285
151.970749738393
152.691998559982
153.68379284977
155.177314494271
155.398627669318
156.955583729316
157.933800531784
158.69397033006
159.39050362166
160.295586854219
161.726942124311
162.813720730133
163.880047238199
164.829501802335
165.337750718463
166.573456017533
167.604845918249
168.430277543841
169.700957986061
170.236959039001
171.967881796416
172.778015742311
173.797864333261
174.442290849285
175.509199290071
176.744375491049
177.2244486704
178.923229017295
179.925151494797
180.562895213021
182.047551557655
182.834276146954
183.26152231684
184.71547016874
185.262269061059
186.76255839318
188.082144993357
189.154897301691
189.801458165282
190.748309721937
191.520645061275
192.322576983832
193.86398906284
195.107435813872
195.552828385029
196.796637358144
197.77731805644
198.770617373521
199.779062834103
