0.788355789612979
1.59384627034888
2.75062374374829
3.57591688842513
4.25315502285957
5.40426056249999
6.84200841654092
7.06891148374416
8.36659697070718
9.49518497497775
10.6140681472607
11.6972396126948
12.5399826192297
13.4138181328308
14.4559840166476
15.1338623655029
16.9773441676516
17.6626033666544
18.0635415608995
19.2280751538929
20.1161153663415
21.0200891783461
22.1776664615609
23.4105359683745
24.5770658871625
25.226862268988
26.8215584720019
27.9057645990979
28.7145732550416
29.5145130236633
30.4323326612357
31.4227119197603
32.5550396249164
33.2161478064954
34.9678497926798
35.5139849514235
36.5225288735237
37.4052619505674
38.2530150758103
39.8309594281018
40.834439346334
41.3724192064255
42.1226511544082
43.4807109911926
44.309519626433
45.7032018064056
46.5043001265731
47.6670628031716
48.1209380466025
49.7096405250486
50.298146181507
51.1145865973085
52.6266544226091
53.8091765830759
54.414649982471
55.6257382694166
56.9162390648853
57.2576724078972
58.5641459699254
59.3306123241782
60.1930434003007
61.7647886672057
62.9130700812675
63.9836285253987
64.1240782809909
65.5393427135423
66.4239262035117
67.0868865037337
68.7710282225162
69.9927728197072
70.6316111944616
71.719920468051
72.2089966393542
73.6116357052233
74.5687019266188
75.3307974599302
76.932631077012
77.0921720212791
78.9476431279909
79.1024571533781
80.0235181590542
81.9980730647221
82.1956812173594
83.4144636350684
84.383048258489
85.8431283284444
86.4672588349786
87.5742385988124
88.6397037182469
89.6041210119147
90.2748604863882
91.7198259476572
92.4016718331259
93.246686559869
94.9036915227771
95.6588932902087
96.0493069891818
97.4668946159072
98.3010141120758
99.7697383046616
100.362763468875
101.342667422956
102.148097699741
103.202642167918
104.027413451113
105.016389891272
106.858395967633
107.901223987574
108.571154889418
109.648560920265
110.024570816895
111.211333839456
112.923390710261
113.305785192177
114.010472504189
115.751369312638
116.587579630548
117.771694458555
118.937908217777
119.12154076132
120.734582744306
121.020120533183
122.685160199413
123.605541590834
124.195618574973
125.686995223863
126.612119740108
127.250981487567
128.884699594462
129.444961791858
130.035204722779
131.796312024817
132.679664739175
133.985389717389
134.158026506193
135.211086761905
136.389852496563
137.374067397323
138.197948944056
139.95815221034
140.228475115495
141.240114561748
142.360902911518
143.990782586858
144.575928245904
145.988348350162
146.748744545504
147.849508285988
148.660019156523
149.226902538212
150.947449275758
151.92081076256
152.007621990284
153.598105824785
154.385244345758
155.704606262967
156.150845747208
157.721563805826
158.407416370232
159.231144609163
160.75478110835
161.234914861154
162.09045535652
163.973565226421
164.739070387091
165.040070892079
166.03814097424
167.954179624096
168.309003532166
169.977323557949
170.802908794722
171.270864829654
172.965841139667
173.798502054764
174.569032170577
175.429761030944
176.627505086828
177.674303021049
178.176616163459
179.278080549091
180.831994703738
181.888884922024
182.689748274628
183.679327123333
184.639105046168
185.486390993232
186.708260532701
187.946795730386
188.829065221827
189.738859967561
190.106644562446
191.586750201182
192.963120855391
193.66095363698
194.954464897281
195.973598106066
196.049962359946
197.611100165639
198.661295167403
199.735410027206
