0.918842329876497
1.00275898282416
2.16356447222643
3.89111313060857
4.72019520774484
5.11828814470209
6.89017220959067
7.48170219617896
8.0688959765248
9.41927565145306
10.8360566212796
11.6569119421765
12.9487518260721
13.0994373376016
14.0368517674506
15.7436132149305
16.6239443398081
17.6311489832588
18.1330604359973
19.4395332557615
20.3275929910596
21.3088812336791
22.3354370610323
23.9307331771124
24.8291641103569
25.168469381053
26.8513962069992
27.2360791873652
28.3155210029799
29.3728693956509
30.5201781555079
31.7793143619783
32.8267996578943
33.8999778758734
34.3213556972332
35.6557776997797
36.4556558374316
37.6989266732708
38.6077749766409
39.9813518309966
40.4200407301541
41.4360498664901
42.4349395909812
43.9403780424036
44.1647089454345
45.1116867091041
46.2433404938783
47.3572146454826
48.2186344952788
49.8547834150959
50.0709677776322
51.0450839961413
52.9780385293998
53.121346142143
54.4756543606054
55.1829252832104
56.2106901665684
57.6813919991255
58.0790289067663
59.5852105198428
60.3397776091006
61.6067080351058
62.262254639063
63.2842578017153
64.0519652420189
65.6143569555134
66.2316768690944
67.3783957285341
68.4535612091422
69.086385719711
70.0638828102965
71.5140168538783
72.4914213796146
73.6732487862464
74.6628146881703
75.2204703998286
76.6509427099954
77.0373564995825
78.4712168837432
79.6926685262006
80.5012109850068
81.6884055100381
82.0158904301934
83.1417533163913
84.1951257099863
85.2888316086028
86.9773235693574
87.3961115656421
88.1643772716634
89.2077917447314
90.1449742738623
91.3670222088695
92.3602611443494
93.1557871848345
94.4398311725818
95.905398289673
96.5547638330609
97.3802755731158
98.8026656354778
99.9853466197383
100.246644697851
101.572030169424
102.926203694195
103.459410239477
104.09996927972
105.652900396613
106.08135664626
107.655375876464
108.849485634128
109.702121882001
110.474189523375
111.104157207999
112.881227005739
113.123854823411
114.405852874275
115.505150507903
116.635527900886
117.872349729994
118.658164817141
119.869328395464
120.692271124572
121.285120178713
122.480583800701
123.894953883719
124.38580765645
125.523435557494
126.946833693655
127.739388494287
128.555108525092
129.498983459547
130.934260233305
131.558078334667
132.459769339766
133.460333406692
134.408666795352
135.033625678625
136.956566392444
137.044470578898
138.701926411362
139.472848068923
140.527591787511
141.830313492566
142.050136648817
143.942504716339
144.09829018591
145.298986088485
146.220294055995
147.848140228074
148.884775789455
149.046380959451
150.046953662764
151.246457481524
152.933267313987
153.677198111312
154.574439656688
155.211062796181
156.94826893229
157.420068643754
158.899321907898
159.554351617116
160.530667685205
161.330430983333
162.728060537484
163.54219166073
164.511600044323
165.318731605308
166.183606145671
167.619239082793
168.225722682895
169.976512546884
170.546136759222
171.764054519823
172.64388932148
173.115317904623
174.599880038528
175.648858171655
176.718215581961
177.646404062631
178.254086389439
179.829128958052
180.694700703025
181.493131194497
182.740052738693
183.045771191828
184.52757865889
185.943617212353
186.82271573483
187.891031886684
188.72520635766
189.829959929455
190.354718407383
191.567503764527
192.125008085277
193.569410091499
194.811518235598
195.279033491155
196.871909888228
197.514560789568
198.948099753819
199.139841150725
