0.971490648807958
1.05714922980405
2.32585991313681
3.5622060468886
4.13872202695347
5.25684543000534
6.20493601961061
7.26630267780274
8.16318218922243
9.47208647243679
10.2571914773434
11.9789668489248
12.4093133830465
13.925242989324
14.4655687799677
15.6361203119159
16.5079234980512
17.766941257054
18.7560499289539
19.8503118783701
20.3171141494531
21.3785224263556
22.3396189732011
23.2580353207886
24.3600914424751
25.1829871612135
26.5818806882016
27.0009094753768
28.7294232293498
29.2357215783559
30.0737208230421
31.9932401035912
32.3196296966635
33.5039569858927
34.74203966395
35.6147895113099
36.4752211647574
37.6036243101116
38.391534274444
39.0803836712148
40.3756381303538
41.1038483460434
42.3241840885021
43.100448685931
44.7523757203016
45.590850541601
46.3844849567395
47.5489246733487
48.813877438195
49.1887000233401
50.5504325842485
51.5882847569883
52.2120791932102
53.5368852813262
54.3131339852698
55.0203482748475
56.1393737848848
57.3855677433312
58.5962684294209
59.0971262676176
60.4193182941526
61.7242557203863
62.1355690583587
63.6297859048937
64.9401277438737
65.9538611958269
66.6458515503909
67.4610800244845
68.1513274016324
69.715129228076
70.3648727999534
71.9107488144655
72.7362961957697
73.9824839022476
74.6450784793124
75.5170782615896
76.0648850570433
77.0235557393171
78.0197926228866
79.5930236275308
80.9948998948094
81.2660442427732
82.5602887482382
83.6722644725814
84.3550591729581
85.7253197536338
86.1876067793928
87.9528966511134
88.9536440190859
89.2094538086094
90.5668373454828
91.4050784735009
92.0113380656112
93.1084118275903
94.5739150112495
95.0429707649164
96.046507797204
97.2739340786356
98.4120524204336
99.1493253994267
100.291921082651
101.638649457833
102.938075742684
103.628063025884
104.952357486589
105.570125868544
106.836398396641
107.118096116465
108.985807127319
109.763039130485
110.723327479791
111.147236355348
112.880905461498
113.504346303875
114.153287081979
115.330076061888
116.735255986452
117.226841992466
118.064778516069
119.055818459485
120.653963205405
121.961500539444
122.695795790758
123.937053004513
124.843053866643
125.44739162433
126.418492866214
127.147828196874
128.53890127223
129.851293484215
130.91990066017
131.111812658142
132.314391279593
133.074497849215
134.557004829869
135.443548315903
136.310585521162
137.07556418376
138.76783753396
139.084197722608
140.303654743126
141.533797733719
142.554110219935
143.754060435575
144.689657193143
145.78944564797
146.152768287575
147.116652452853
148.615661944263
149.453733166214
150.804498289712
151.2630173699
152.66841962235
153.533728211187
154.563664543675
155.094070215942
156.588554680813
157.501207881607
158.375332789728
159.785180050414
160.091683921637
161.293041334255
162.339692651061
163.714920669794
164.029925307492
165.345812003827
166.853274976602
167.006584022893
168.906262772856
169.725411750842
170.918696860084
171.625900427578
172.449734766968
173.559544773307
174.681361515075
175.20562977856
176.125060785795
177.78545695194
178.67167913192
179.911221455084
180.120681549655
181.482461681822
182.695050708018
183.08684111503
184.838802642189
185.377337464597
186.933739703847
187.326899020467
188.187329438049
189.739293740131
190.066511974903
191.866241337499
192.811440031044
193.171125101391
194.672195910942
195.055754333967
196.242624964099
197.405204941984
198.985866970383
199.881637585349
88.9917632043362
90.370611603139
91.7662279624492
92.4645216108765
93.6054085346404
94.806129387347
95.9413818861358
96.8299307771958
97.1023323268164
98.8129443645012
99.7196736501064
100.215761923231
101.258941824781
102.017889198847
103.330862369854
104.123965157429
105.088051527739
106.211020074552
107.008639401058
108.384426707169
109.086680894485
110.247376383748
111.625406362815
112.746290255338
113.756942107808
114.864616338164
115.812532140873
116.89315446862
117.045234640595
118.598150472157
119.745326687349
120.4871425319
120.955451525981
122.285432326607
123.636648636311
124.545782803791
125.64647020353
126.771860233042
127.8953747286
128.395480825566
129.825859437929
130.765816629166
131.503553482238
132.43275482906
133.351275462192
134.395764590008
135.782014415599
136.464293954428
137.281337586464
138.613290511072
139.714753673645
140.646053453907
141.223805379122
142.714302461362
143.542785648489
144.034067783272
145.915869848803
146.265572409146
147.48895579786
148.715390640078
149.665709705558
150.049828818999
150.986545062624
152.488402370363
153.929592314176
154.527878519846
155.689916116418
156.78716725274
157.235810698709
158.749192344956
159.10916727432
160.233922117157
161.30621924228
162.13794264663
163.701711852802
164.580527343322
165.502030253643
166.242024749517
167.189374969341
168.278583104955
169.458530112868
170.892357711447
171.837496775901
172.58029357763
173.897569077555
174.601649768651
175.699555459432
176.348973846762
177.436277431902
178.627577442676
179.487784446916
180.418436551699
180.960406462895
182.804450407624
183.893996846629
184.158230356639
185.409965525148
185.983840326546
187.338927044766
188.139235278592
