0.456339556956664
1.69032407412305
2.43321406794712
3.45116165000945
4.39706265646964
5.75880732061341
6.90040799486451
7.24917979980819
8.08546710014343
9.65526008373126
10.7693498404697
11.4568960997276
12.801988379797
13.3773279145826
14.7047617090866
15.5537173491903
16.9035150927957
17.1178405536339
18.972389069153
19.8719414353836
20.7227034198586
21.7038785503246
22.9277404546738
23.5615133228712
24.2448055774439
25.5969335981645
26.7413649570663
27.4055715841241
28.5317090966273
29.4794049137272
30.6880893991329
31.7872257386334
32.0020418125205
33.7800827487372
34.5816645377781
35.35604952625
36.5347084859386
37.2459738748148
38.0195863288827
39.8702945841942
40.357404133305
41.2928255801089
42.8819339773618
43.2464869737159
44.8866580335889
45.3241994681302
46.3018208870199
47.8801333135925
48.6353551750071
49.6829612792935
50.7821261417121
51.0825557271019
52.7007157772314
53.3585265330039
54.7178296670318
55.2501467613038
56.1506312601268
57.3872365383431
58.2704653940164
59.7173932315782
60.3507919504773
61.9949823566712
62.7406812906265
63.7982441582717
64.5030221180059
65.3126805645879
66.5464156435337
67.3801153807435
68.0690733578522
69.1397870865185
70.487249532016
71.0590980106499
72.1723774576094
73.5646363217384
74.3785750500392
75.5410378274973
76.4927545413375
77.6382670905441
78.594089651946
79.5584147863556
80.7627445964608
81.0118604882155
82.9053423355799
83.1116953019518
84.7839653468691
85.4905650843866
86.1794774236623
87.2903337311
88.2954832212999
89.7477954556234
90.4569566827267
91.6062698711175
92.6264483612031
93.8793183490634
94.9439522540197
95.0038922524545
96.8673029069323
97.0492874097545
98.9239407191053
99.3483166182414
100.716413386865
101.396050392184
102.747244556667
103.768242266262
104.344619085314
105.715364005417
106.788599198451
107.862918241881
108.500242308946
109.469853121322
110.159471203573
111.566312686307
112.775549164275
113.276476694038
114.602289126953
115.971942026168
116.682406968437
117.717686007963
118.350970644969
119.341782147065
120.446512746625
121.196461859392
122.914132771781
123.970687913243
124.05461843987
125.745038983179
126.326036838582
127.248339414829
128.42769565247
129.395137475105
130.939232025994
131.03616661299
132.126780553721
133.059927274473
134.57488561701
135.033675770042
136.953292378457
137.844202031149
138.947898124112
139.545514937723
140.372420106083
141.85566782509
142.316103756661
143.852885344299
144.017068333458
145.899828119203
146.711976563092
147.992681776173
148.361341798445
149.299592235591
150.114745397586
151.050549521111
152.931275766576
153.564565160079
154.004494441906
155.566352935042
156.610724010272
157.653334409464
158.573492682772
159.332363013644
160.612690347945
161.470999616198
162.046601410257
163.422113239067
164.997077961685
165.801048897672
166.514627066674
167.855496408651
168.440570420353
169.476777879521
170.573846140411
171.315079174237
172.92000319832
173.728579541435
174.48768041702
175.661096506054
176.0505402165
177.396472722059
178.135023728944
179.990745078772
180.670640704455
181.849555473542
182.893653395586
183.592588201165
184.320349284913
185.889702200424
186.74737514439
187.141733083408
188.365004797
189.905065519037
190.388763481518
191.194183613406
192.241443727165
193.775864675874
194.323673477862
195.094250564463
196.448057601228
197.9364942268
198.934240438743
199.391404588707
73.1608613419812
73.302786558168
74.4567448876332
75.4372369893827
76.8781673302874
77.4857053356245
78.9679591292515
79.2586561203934
80.9936828529462
81.9179947490338
82.7536540718284
83.7592813635711
84.8076100305188
85.768783088075
86.469479317544
87.2077299258672
89.1315121983644
89.7745540672913
90.5113176198211
91.7681871063542
92.3300333716907
93.6036727137398
94.2569079971872
95.8319755727425
96.6608503186144
97.6033995707985
98.9647658427712
99.8396395978052
100.422712334665
101.686259850161
102.987955916673
103.744657337898
104.524993015453
105.269943947671
106.266152545111
108.143794557778
109.007534080883
109.23462595325
110.812081505312
112.055547627388
113.145816982025
113.518343841191
114.476022929186
115.197414066177
117.149359973148
117.487282514106
119.036652898183
119.600594932912
120.446825405816
121.3652617482
123.128729497083
123.548917219276
124.83591174637
125.526614714647
126.968424336752
127.966533455066
128.742480683839
129.441797931911
131.087212476414
131.614129590569
132.725443617906
133.729055605596
134.427492165472
135.675207182532
136.45788495685
138.129508003592
138.684582238784
139.790488041705
140.69230472506
141.537906570593
142.216378110228
143.379957163706
144.702047754545
145.922706697602
146.500151745742
147.50468184147
148.642311037751
149.611861627549
151.080562007148
151.294297071872
152.57662972738
153.386408668943
154.199633547803
155.324966628803
156.394932809053
157.604046133114
158.210289877374
159.609318288509
160.3618697247
161.463577666786
162.660497113364
163.514173087431
165.086957046529
165.740278851241
166.263574908022
168.008270214312
168.988015587442
169.683659591712
170.453351461794
172.171261947136
