0.442213503876701
1.77248992002569
2.53911338141188
3.00066602719016
4.90869754040614
5.31016915710643
6.16678121406585
7.69727306277491
8.01592977973633
9.76259209122509
10.9859471092932
11.521265870193
12.8433414702304
13.9892234702129
14.3555549117737
15.4242183284368
16.9752788268961
17.1118163019419
18.309916357277
19.8074922740925
20.1891198572703
21.29835009831
22.0783900634851
23.9259478503373
24.8210290570278
25.1038051694632
26.8354424310382
27.9015702893957
28.9192833635025
29.8648376977071
30.2964782644995
31.3271661419421
32.6398734129034
33.4655596951488
34.2816930236295
35.3117775567807
36.0662916998845
37.843112017028
38.0964477013331
39.6941776936874
40.5074006002396
41.804921091767
42.6474543060176
43.8071680001449
44.3274184782058
45.3696233322844
46.1554873802233
47.1076624379493
48.672447406454
49.4283776190132
50.2638179932255
51.17917847028
52.2086927143391
53.6744846194051
54.3766175431665
55.4251322038472
56.3367846973706
57.6641168775968
58.9454833825585
59.1529287591111
60.1006592428312
61.732258733362
62.976363015594
63.424606093904
64.8973642804194
65.8692641321104
66.4621471418068
67.1229022399057
68.1271524149925
69.2799209640361
70.6785703729838
71.0697829520795
72.0102712744847
73.7023034542799
74.6759989704005
75.3956149166916
76.7997994332109
77.3055083469953
78.9592511656228
79.1572649469599
80.0080629093572
81.5975107986014
82.8092303178273
83.5240567189176
84.3417256665416
85.7055075687822
86.0882734588813
87.9305384801701
88.6709305397235
89.4708915788215
90.2913108039647
91.4726098929532
92.0801278860308
93.7924767134245
94.3422783052083
95.6251926014666
96.9668158891145
97.3420324292965
98.1054922572803
99.9504845868796
100.104148973478
101.273197135888
102.080653558252
103.04482726031
104.844043688616
105.17687561526
106.198562090518
107.06765006925
108.913880163338
109.423516611103
110.053232030477
111.023202383658
112.247285049176
113.063129451824
114.720251109451
115.831984427758
116.475364611717
117.026621581754
118.723985643825
119.050436184742
120.501809008885
121.977646970889
122.199831801001
123.431241298094
124.779712835792
125.895386485383
126.706090842839
127.410827381769
128.801489347592
129.129510598257
130.185175898019
131.90428623301
132.04384572967
133.604135211324
134.37183957058
135.974434359232
136.240302128019
137.419330893317
138.520695589483
139.61281731585
140.309011330362
141.125054902863
142.175532371039
143.240248824703
144.302723041968
145.962685758946
146.062314676121
147.490654352587
148.705262313131
149.70505858236
150.549485639902
151.470786975464
152.421359629137
153.454571058275
154.063533085398
155.300507295644
156.005085779587
157.425490179798
158.828872901388
159.458981627366
160.495883149561
161.616232403088
162.351517387666
163.262651110301
164.921279373113
165.565677392064
166.720607217401
167.118426673813
168.599015377229
169.308583260281
170.429902523523
171.980989303673
172.011447987519
173.593425665284
174.790998509154
175.572595083155
176.3965181245
177.659079761012
178.05035325489
179.28357400978
180.933156677987
181.768847464351
182.30686061224
183.966981179547
184.711508880835
185.226374477381
186.400012291735
187.476332549937
188.169655235484
189.030802414287
190.540432232432
191.762659800239
192.750922663603
193.468253914732
194.013006771449
195.886725241551
196.404501225799
197.94564320799
198.147177767241
199.290307450341
