0.392670658882707
1.11466298671439
2.98647412192076
3.84428599709645
4.32765523437411
5.41250093490817
6.24065748974681
7.23893144866452
8.2149331078399
9.55467815487646
10.459455527598
11.3223000054713
12.0825245003216
13.1742215354461
14.9727631562855
15.1243311725557
16.3317039350513
17.1090626681689
18.4874149577226
19.8194657487329
20.3792050052434
21.4680661687162
22.4041411897633
23.742266622372
24.2130870788824
25.0749208431225
26.5086018284783
27.4123425693251
28.3239814471453
29.4494744713884
30.7439542892389
31.9188253155444
32.8321226828266
33.2514215174597
34.6468187936116
35.7140128137544
36.7349534530658
37.4916480090469
38.462955868803
39.6474450046662
40.9655507802963
41.3237145482562
42.9935749175493
43.3799476108979
44.5009450400248
45.2589301641565
46.2681414149702
47.6571662705392
48.2970396962482
49.4387883839663
50.6574488114566
51.5220766218845
52.3833189348225
53.562528469367
54.8083633685019
55.7104175167624
56.5913924765773
57.3881440709811
58.5633931667544
59.942818834912
60.8142227053177
61.2577926544473
62.9108341929968
63.9055263136979
64.7248529323842
65.1354167305399
66.9897799293976
67.7885879294481
68.4420486139134
69.7550170836039
70.6659211334772
71.1538943662308
72.5941104532685
73.5351326498203
74.7849102211185
75.8371186261065
76.5280947959982
77.8372131083161
78.1717699579895
79.401079982752
80.4859646828845
81.4842621462885
82.7053456869908
83.1004407634027
84.3076276218053
85.8455025486182
86.2987357527018
87.219694966916
88.7798905428499
89.655347007094
90.6760491686873
91.1986317320261
92.0724866020028
93.4096506719943
94.684270135127
95.7833149589133
96.4665446896106
97.2637887855526
98.1296502167825
99.2153892843053
100.170296326512
101.75216827984
102.480064090108
103.206179807661
104.007678261725
105.662455607206
106.051083952188
107.560032877373
108.479150603293
109.691156790126
110.925990585703
111.907149550505
112.479215190047
113.697624340886
114.22514591855
115.715015339199
116.524727744516
117.887848023092
118.48836888303
119.865389755229
120.78560247249
121.896736504743
122.63510142942
123.485319370637
124.983627637615
125.77927539614
126.898241908755
127.95691246097
128.814023308689
129.39562386903
130.165050153155
131.797970248852
132.239982293453
133.738633741159
134.250316893449
135.723474959377
136.434288176242
137.412325959187
138.638475991553
139.205530040897
140.104803503025
141.310184001457
142.42471747892
143.858171630884
144.318443367723
145.199296222534
146.680827220902
147.033377404092
148.580701854546
149.789170889417
150.062335978495
151.394157788483
152.956571111223
153.753874533111
154.968010413228
155.326752786059
156.887527444866
157.704891139176
158.469987317687
159.921612642938
160.806357477559
161.636113363551
162.741262277355
163.507354761008
164.865352106281
165.578199949116
166.125688811997
167.649074631743
168.667756753974
169.034688313492
170.754198628012
171.543002794031
172.384893173585
173.202732369537
174.20551829203
175.938488127897
176.45484714373
177.613013056573
178.164444625843
179.531538198469
180.367821942316
181.560578802368
182.788796769688
183.495944885537
184.790471691638
185.345003183233
186.161818192108
187.989602839574
188.177935486659
189.368191607296
190.721225943649
191.662306854036
192.124664407223
193.045563324355
194.346407257719
195.382103966782
196.510444447165
197.063148049638
198.18922726321
199.537123220507
127.8639335318
128.719070595689
129.480716303224
130.516363104107
131.87220613216
132.488466696115
133.307377940975
134.455595335225
134.91396974586
136.631855672691
137.135092210956
137.936949137365
139.289933030028
140.832983742701
141.196613854961
142.555264574708
143.619864360197
143.988292877562
145.707411055453
146.267395436764
147.000188993523
148.551492523169
149.057935409481
150.811160590267
150.933232138865
152.537452873308
153.073446743889
154.790647674818
155.636082900688
156.862389334943
157.366881274618
158.377330282005
159.361832153983
159.9842215362
161.330263749696
162.053237110376
163.050716380589
164.787905535428
164.940753388451
165.996453660307
167.877689602552
168.027392108459
169.503074483247
170.25361422007
171.286183862714
172.201365452027
173.231261154404
174.019569836091
175.722667167662
176.597624598537
177.109005894279
178.544543919154
179.425669919467
180.521695670672
181.645744179841
182.427545770537
182.954854859505
183.921572536929
185.106657901779
185.906644598115
187.094733041478
188.411916543497
189.344356801361
190.106381716905
191.355419366388
192.036661047023
193.735632074066
194.668097184272
195.711957157124
196.488863724051
197.537584005157
198.450196978403
198.934980332153
200.718084176537
200.97034780751
201.952759213978
202.932565359632
204.040510893101
205.619523243513
206.062919498188
207.045506943017
208.49564336706
209.02746389457
210.632251304574
211.808158532484
212.238785010064
213.175802830607
214.562311153626
215.743721008766
216.526502361754
217.29233039706
218.443454852561
219.592811071081
220.014236964984
221.227515311446
222.01933149877
223.820051921066
223.903958819108
225.429782731691
226.655948732747
