0.321814239257947
1.69490578747354
2.52322973497212
3.82423214684241
4.77419728669338
5.9702682569623
6.62641050759703
7.80895664193667
8.36001952504739
9.48146785213612
10.1797084775753
11.2795309952926
12.5906608803198
13.4576430397574
14.0274444189854
15.7553654965013
16.2175924542826
17.9384087077342
18.9596644393168
19.7365313370246
20.8359903274104
21.4084740176331
22.1199107151479
23.3662582926918
24.7027778099291
25.714963641949
26.7524511911906
27.1524823885411
28.5616250520106
29.7604111661203
30.731020249892
31.3702736194246
32.652720275335
33.0914480858482
34.3267833245918
35.3887959860731
36.6636536894366
37.033833688125
38.6540028534364
39.6160869740415
40.6437150847632
41.5241293360014
42.1944755117875
43.3212089766748
44.7079234707635
45.3628046768717
46.4880940101575
47.844289771514
48.803184552351
49.5203572439495
50.4164968221448
51.0391963147558
52.5412759643514
53.214563900372
54.7263091881759
55.1615343040321
56.8819346663076
57.7608196809888
58.5280318949372
59.5260848177131
60.6131789903156
61.6044908612967
62.7041182103567
63.2006466907915
64.0026079411618
65.2246279341634
66.2022627056576
67.957979083294
68.5148166608997
69.6040350056719
70.5440057576634
71.5177558858413
72.5263771903701
73.0645359619521
74.2067494795192
75.4041680737864
76.868213838432
77.0155611212831
78.7512178800534
79.9978387346491
80.8925584168173
81.2799814890604
82.7268476940226
83.9572960778605
84.0548925618641
85.9182882467285
86.3465394005179
87.113018971635
88.4795835285913
89.4959036768414
90.672095290618
91.4351812684909
92.9341601771303
93.5297383836005
94.7528539549094
95.4979977533221
96.0642157287803
97.4831222181674
98.6441245542374
99.6699645146728
100.808036766015
101.058074422879
102.346783884801
103.391061893897
104.832118792925
105.472231200198
106.194795202231
107.639993699035
108.421336749801
109.216180835385
110.229358953889
111.675460720435
112.79312201892
113.356802710332
114.587680162163
115.968289051671
116.172650124645
117.662992996629
118.837409332162
119.028970210813
120.749783228152
121.643844257109
122.724447369576
123.276366087375
124.516431309516
125.087694602087
126.955136030912
127.160671672318
128.040012808051
129.451406271197
130.021796710789
131.941018193029
132.336901130388
133.6747259025
134.602056706324
135.94085719483
136.401444982272
137.333400526317
138.925213485025
139.621920677368
140.251118396176
141.403898149496
142.228542118799
143.416743922979
144.27859734837
145.494868162321
146.969045479549
147.25833084085
148.385562307667
149.835824741283
150.34805038129
151.300078131957
152.462190555641
153.44631847064
154.612723037601
155.478912343038
156.662336325971
157.500921460334
158.033873433247
159.645847534994
160.108673692448
161.625816843472
162.487904875772
163.339195665438
164.79303323268
165.591218645219
166.002480433322
167.832745859399
168.923918272369
169.786832759622
170.171312350314
171.824688372668
172.612254960695
173.450577238109
174.357367704157
175.365808238043
176.616634432925
177.818693649024
178.662290894659
179.972327994881
180.931310623186
181.896449594526
182.825148034142
183.927110076416
184.436970034847
185.207410704112
186.849618240958
187.071714458987
188.380722853588
189.929730715929
190.532651733374
191.95857276069
192.884602150647
193.357502154773
194.274139648303
195.536756871501
196.930015783291
197.124925378477
198.253296976676
199.15036694333
145.200735114282
145.348683951888
146.434455792885
147.960770232836
148.510625891387
149.683654319728
150.989817107562
151.702157371445
153.249127562391
154.271957895486
154.664063810138
155.450421016198
157.160626901546
158.225325919455
158.560607299209
159.998188957339
160.777627005242
162.141960931243
162.880874556024
163.808216067031
164.302829338238
166.122970142635
166.566774901003
167.975554593839
169.161297728308
170.109952186001
170.757685140707
172.065021481132
172.473785857437
173.406825851882
175.141188691137
175.895032595843
176.332554837223
178.138627772219
178.587048816029
179.871899466729
181.026601019083
181.921388138318
182.624176301993
184.20477086585
184.682922266191
185.298083924688
187.101699481253
188.257181682857
188.418693679618
189.807518681046
190.85840843129
192.244020618731
192.316088590305
193.353159224615
194.810441484442
196.001327570761
196.772315291222
197.595350803807
199.131497700699
199.94879327435
201.267999298405
201.471269132104
202.59657123778
204.161658863071
204.891385776689
206.11292251898
207.183109119302
207.473896760959
209.172511258861
209.549974818248
210.615683073876
211.433850413421
212.441666592611
214.065664378693
214.336089085555
215.820479350397
217.187817933736
218.219051212072
218.999595590401
219.346579828532
220.703543681419
221.725812376477
222.761437985813
223.485974678304
224.657433515647
226.239429526031
227.016850201879
227.957454259973
228.926556695485
229.561986972345
231.095450488618
231.295831338735
232.849618368316
233.339150579413
235.034016360296
236.05070009199
236.731361117912
237.478269155836
238.732113236096
239.762588527519
240.80870158365
241.861065320205
242.327653933549
244.269082152052
