0.821423481218517
1.97484202054329
2.70220840815455
3.59771222621202
4.66458334354684
5.5080335738603
6.09969681012444
7.51870862254873
8.8368470587302
9.47031190316193
10.9344161229674
11.6431894681882
12.9375476662535
13.0258941997308
14.8283327254467
15.4949596717488
16.8034803634509
17.2455579929519
18.4515702826902
19.6966748579871
20.3587197577581
21.4777406079229
22.3586726842914
23.4990269634873
24.7320925830863
25.777619458735
26.7340291165747
27.3784759750124
28.1103371407371
29.4289021280129
30.0926361547317
31.867636668263
32.7588460503612
33.5108524775133
34.0621172727551
35.0592627672013
36.8317610260565
37.7755370428786
38.5784792499617
39.7356304980349
40.6179792738985
41.4758880850859
42.0970132830553
43.0978343242314
44.1500213982072
45.6354815431405
46.7625815244392
47.3546493262984
48.5079362946562
49.131878083339
50.6366850354243
51.8742113423068
52.5527839756105
53.5095416232944
54.4111513437238
55.3558135705534
56.8485702904873
57.8451649246272
58.8095424978528
59.900805443991
60.0845251823775
61.7976374356076
62.4512873720378
63.032387287356
64.1831407791469
65.715964732226
66.2719870165456
67.5980135344435
68.2208830879536
69.3229574330617
70.8422453731764
71.8665540246293
72.3266577660106
73.3642981466837
74.0304366557393
75.0903099246789
76.7475884382147
77.8248889204115
78.1445963478182
79.3606355669908
80.205501799006
81.8792711819988
82.6307578152046
83.5847333846614
84.6658403445035
85.6150891061407
86.1575981345959
87.5284107082989
88.9765041747596
89.9281193935312
90.7779558256734
91.8957113197539
92.2825787412003
93.8429971025325
94.8766694986261
95.8878823861014
96.6631498672068
97.0111663746648
98.3589046287816
99.8836778947152
100.519874556921
101.318278325954
102.345052552875
103.642231527716
104.507931326516
105.032289588125
106.337665162049
107.063642016845
108.382645141566
109.516233770177
110.08387133549
111.053164915647
112.339686554624
113.887147072935
114.264996187063
115.107718990184
116.977848574519
117.085580305662
118.54022538336
119.422822792083
120.19240773865
121.246442945674
122.229221028043
123.416871280177
124.05099210795
125.208212887635
126.729887287132
127.749751430936
128.649146127747
129.378277730895
130.048097351799
131.529461615253
132.735233080806
133.56609602645
134.048022752395
135.881054316182
136.633474295726
137.918412353145
138.023693862837
139.255338296061
140.23981027049
141.436700415798
142.392997873481
143.030053380877
144.602012074785
145.292836278211
146.424211151665
147.469289584085
148.552847719984
149.093778522452
150.086900416529
151.893560361816
152.061665392015
153.706290476024
154.81946015521
155.864546908764
156.305777878966
157.601957947947
158.610401593382
159.114590274403
160.30197545886
161.607793519273
162.829251939431
163.255000031088
164.093545661541
165.36788144079
166.745160988765
167.206006814027
168.847718412289
169.666548097739
170.452492342331
171.937466748292
172.304642430739
173.100218237378
174.889417132596
175.648194622016
176.669478470925
177.467715826118
178.963296640664
179.17598071252
180.821886013262
181.15660451632
182.528024401283
183.65616367897
184.594995704945
185.394437819254
186.542752076639
187.980391924968
188.15993631864
189.33160767518
190.17401420977
191.535739632556
192.071675409796
193.947698644828
194.944682082627
195.990601832746
196.746496083913
197.754723047139
198.490129606798
199.239768030122
