0.631487571168691
1.58672655187547
2.16705850348808
3.02065493445843
4.01156116439961
5.49499317794107
6.39765970036387
7.35539356200024
8.6718641964253
9.44374675163999
10.6335045241285
11.1023296406493
12.1647458011284
13.3412471353076
14.6714832964353
15.6842771340162
16.6563276799861
17.5542717680801
18.414339045994
19.1649154375773
20.8074932922609
21.8146211509593
22.621894005686
23.9290323217865
24.0880421365146
25.9781171604991
26.4624376101419
27.9902906706557
28.9062474418897
29.8384626854677
30.7475043879822
31.6622603216674
32.6136315995827
33.6620029956102
34.8243505805731
35.6118791617919
36.3418193745892
37.9589286532719
38.7563534395304
39.2936271522194
40.1680354229175
41.511564405635
42.6894132010639
43.2312151808292
44.8197843655944
45.4181541670114
46.773154190043
47.6275138575584
48.0981881597545
49.131364189554
50.4684570303652
51.1042403490283
52.2667577166576
53.1942625918891
54.1631806497462
55.0105870452244
56.8071921239607
57.9818756394088
58.6564739493188
59.2974625385832
60.6952486191876
61.6295122185256
62.9967457326129
63.767219344154
64.9981945299078
65.7360927327536
66.6112070973031
67.7595762147103
68.7630581271369
69.0506891026162
70.5307700226549
71.6001933533698
72.6507396097295
73.4887956306338
74.5471990022343
75.088284997968
76.7664228163194
77.7142923716456
78.4689181868453
79.8630956450943
80.5904598047491
81.5133652847726
82.5196109423414
83.3572922805324
84.3355215750635
85.9333188862074
86.7888224348426
87.1283878942486
88.6692164642736
89.7472915342078
90.1175584045704
91.6753379416186
92.7284552303609
93.0338674450759
94.3052050243132
95.3492035132367
96.832941519795
97.5837097801268
98.6480433365796
99.5608114781789
100.507519079605
101.06983723212
102.421372345882
103.496810369892
104.59115469153
105.964437381597
106.866237255512
107.283642755356
108.484375355998
109.565012233565
110.755732645979
111.413007894764
112.38226417196
113.162497447804
114.805735586444
115.08140518656
116.044329084223
117.033908560406
118.746383124497
119.669826197904
120.305371180875
121.437505661044
122.698353409534
123.230921975803
124.20987433847
125.730808146065
126.037473457167
127.86383360601
128.87508379668
129.224716060562
130.466139474884
131.472198733594
132.113262102706
133.010247582337
134.309793435968
135.321554878494
136.954806816531
137.293299273588
138.936778151197
139.040537726833
140.274995907675
141.634248960996
142.271916303085
143.57145711733
144.058888401603
145.454860003898
146.490902624326
147.850744231837
148.866482024081
149.967327958439
150.523866883712
151.231873856857
152.992195823696
153.239458087832
154.521042339504
155.891496055294
156.616885031573
157.280799915083
158.832830124767
159.725783592323
160.44901394425
161.158846888691
162.723357800394
163.602273843018
164.147054714616
165.547168974532
166.54970654659
167.763088481501
168.605809784029
169.893836903619
170.251501537859
171.235528527526
172.475859354716
173.770807891851
174.305350778159
175.358833096456
176.756664568558
177.171778382268
178.034299864201
179.202189354459
180.775161677971
181.42320081871
182.422021455131
183.583113284549
184.049893137766
185.185726844007
186.426448835991
187.051658628043
188.913315169513
189.205266177189
190.48720858735
191.652527876431
192.928714684909
193.488203307148
194.699286793824
195.119560271269
196.949473066488
197.09519205126
198.027985796332
199.230045275763
77.7197467850056
78.6849947569426
79.1980542638339
80.1634140545502
81.1542728000786
82.3443901776336
83.5456929598004
84.0321469365153
85.3310836190358
86.6854673810303
86.911489518825
88.6488533490337
89.5970318671316
90.5448738278355
91.3506056633778
92.1739116080571
92.8557421208825
94.31787206023
95.3766100432258
96.4243421640713
96.7991343205795
98.2032538498752
99.6465623944532
100.144409301458
101.392159949522
102.54011320346
103.473807827337
103.880627967883
105.237477639224
106.57837502379
106.788485942641
108.113962377654
109.017489087535
110.465639180969
110.830485571409
112.045490978519
113.431105442345
114.223140741466
115.260666056536
116.323359924369
116.854378693737
118.385414038785
118.922364043305
120.228884036886
121.757233082084
122.259178670123
123.252169464948
124.74075455172
125.47148470208
126.207072185585
126.782871059608
128.654440718703
129.130857995711
129.993200639728
130.810830672039
132.378548772307
133.745433847187
134.233802467352
135.247092796024
136.212523525581
137.46023158473
137.78208518168
139.507403022377
140.141649495577
141.265753739281
142.326556220884
143.668087987695
144.61789926514
145.655219749548
146.458979181014
146.772327737883
148.018614542438
149.164570788387
149.985634656157
151.439424524084
152.180553979706
153.633506288053
154.458541539265
155.693135940935
155.805219053058
157.297549442388
158.724460354773
158.962418766227
159.900033328217
161.530147553422
162.733533006627
163.677197344135
164.589683141327
164.849483125843
165.855875962181
167.379073739983
168.54899462848
168.798847866943
170.628281540005
170.831007161643
172.478299904149
173.500260500237
174.541071925778
174.877604714595
175.817006206838
