0.855383438291028
1.47566051804461
2.53009044448845
3.76592693431303
4.57935650157742
5.58178740832955
6.15781273925677
7.62744429404847
8.87871422478929
9.96490902756341
10.6648713161703
11.7541646268219
12.403801899869
13.9619603012688
14.470419570338
15.4041771674529
16.7456479589455
17.5282665044069
18.3652549353428
19.6806448684074
20.5668533996213
21.3155761712696
22.0358512664679
23.7886315602809
24.9168632784858
25.9231891960371
26.6860581636429
27.5719301572535
28.1079905726947
29.1642267159186
30.626941854367
31.548530459404
32.264551280532
33.0590606576297
34.8967319738586
35.9318517867941
36.5017901491374
37.6365813268349
38.0776235309895
39.9399060790893
40.0554976463318
41.6804749751464
42.9729678211734
43.958463761257
44.6302755174693
45.5028303484432
46.3643679700326
47.1261572316289
48.1697623920627
49.760450088419
50.2596168324817
51.4365609341767
52.3557386011817
53.6370657547377
54.0985126595479
55.0326712958049
56.0754960717168
57.5426304349676
58.0108124730177
59.755986870965
60.9786832635291
61.5503387111239
62.0108384203631
63.0827239847276
64.2864549732767
65.7191571940202
66.3101954439189
67.0748937285971
68.7107203525957
69.4917951792013
70.5002570638899
71.8976270416752
72.0401922939345
73.1432514353655
74.7897761191707
75.1893153283745
76.6169641634915
77.6965833704453
78.7650223090313
79.4055313463323
80.583367216168
81.2771987235174
82.2297847401351
83.7204575007781
84.1399102611467
85.0280724195763
86.1551467077807
87.221781037515
88.2754103944171
89.4970051886048
90.1290677329525
91.2249000174925
92.727076507872
93.218399617821
94.0831937233452
95.7030857463833
96.4989767023362
97.4780991743319
98.2278644009493
99.6536697205156
100.493312469916
101.621641153237
102.966758917086
103.067404057831
104.306690847035
105.367648349376
106.350844337838
107.713307600003
108.494272533106
109.237113519805
110.222642594483
111.845815587556
112.186414483469
113.497639420908
114.706383119104
115.08453969215
116.333518658066
117.01934876712
118.309642324224
119.131806171034
120.49956772849
121.247625047574
122.91314089112
123.84823433822
124.826122288592
125.348217212129
126.155962338904
127.305978037883
128.517199217109
129.280607840978
130.99140061019
131.695599989267
132.296275728848
133.466319594532
134.853583207354
135.824186334154
136.817078017164
137.504601056455
138.754314698279
139.847607869422
140.688662164146
141.574865371455
142.846245737746
143.163546964759
144.933901894139
145.26779313758
146.971064094221
147.539498107042
148.93548849551
149.217551432084
150.773647676921
151.432527049212
152.611968810204
153.777375219623
154.834185101558
155.25895633013
156.666622790275
157.95675327396
158.676187732024
159.313056835672
160.021781757707
161.123503647977
162.384732512757
163.290901019936
164.106665930478
165.810717336135
166.143340777606
167.465926274424
168.121771553531
169.733219241956
170.787703935523
171.146811237326
172.514796008123
173.080839238362
174.340065327706
175.516611544415
176.953224016586
177.294160888763
178.047585138353
179.243445048109
180.939712756313
181.951701944228
182.083595891017
183.04292784608
184.455851700157
185.274576722877
186.099798373878
187.02536097588
188.906720018247
189.00467525376
190.224474887829
191.142798710847
192.330358893378
193.528580017155
194.877692379989
195.854241080349
196.450106265955
197.499978119042
198.000558550004
199.985387099674
121.0615032434
121.628855369752
122.594445693074
124.080810750602
124.88224817114
125.619163011434
127.12040322856
127.5523119024
129.119306676323
130.092790610623
130.915994608309
132.046934696613
132.542360134656
134.235498464899
135.211413347861
135.937470867299
136.961544154445
137.525164721999
139.2744750774
139.754076321144
140.536583155161
142.454646738013
142.659856370185
144.003157480154
145.279362692963
146.050008729333
146.83962252154
148.092002212536
149.116855776869
149.801647911081
151.34140860429
151.739891632693
152.730342019117
153.612420789665
155.454845961649
156.031029917533
157.258289233781
157.886524864472
159.481842846144
160.112700224854
160.637490764959
161.5402715893
162.906554871239
164.344930678839
165.494233204518
165.601426801411
167.106510789134
167.634068522137
168.938086945564
169.629771095235
171.440446665743
172.498712164816
173.13658991945
174.420541372616
175.344458029373
175.524251229595
177.155087797204
177.750980992103
179.151554667158
180.101033660583
181.049945292063
182.437334445305
182.872919706162
184.073651088867
184.829778287094
186.313291465864
186.742747457698
187.93915651436
188.829252912663
190.160450997995
190.519898783881
192.088425934315
193.171361102955
194.057868383359
194.956911077723
195.622096051229
196.567876904504
198.421549213119
199.193270573625
199.76651370246
200.653513125144
202.11704227305
203.418943986995
204.223661847645
205.242775519611
206.326161934296
206.66224962566
208.35841908725
208.990001921076
210.479775689542
211.350730540464
212.374488580972
213.172442171257
214.074456329923
214.986424519215
215.663404966006
217.072645535693
218.362160232151
218.649510964518
220.321880732197
