0.831593995448202
1.87713205441833
2.38111736136489
3.17231709766202
4.14561568852514
5.56696551013738
6.82093523186632
7.32111098943278
8.41493600560352
9.75439935387112
10.7300921722781
11.2245547519997
12.1185892967042
13.3724245040212
14.5763549695257
15.4419364046771
16.6977976001799
17.1932922101114
18.6227721734904
19.0860892273486
20.1761790011078
21.5610376191325
22.4316905527376
23.0231374057475
24.0620371615514
25.0215547203552
26.705174617935
27.022516717203
28.6459968588315
29.212624149397
30.2060629951302
31.4805149729364
32.0106905729044
33.3506754720584
34.8663132188376
35.1412066968624
36.3852696060203
37.0108409768436
38.0279123417567
39.2446967614815
40.4266385466326
41.5416731825098
42.3422820854466
43.8377600472886
44.1441596250515
45.5095092745032
46.0793876221869
47.5851676168386
48.0168446465395
49.9161596067715
50.8480527084321
51.4835987477563
52.6131667487789
53.4792679708917
54.095446939813
55.4182305762079
56.3813171372749
57.849783857353
58.6301799125504
59.0458669692744
60.5323092844337
61.4600409131963
62.6750872754492
63.4173432958778
64.2682379707694
65.0386562724598
66.7317642893177
67.3606531738769
68.129993688548
69.6560962658841
70.3828722869512
71.9386582910083
72.6608006597962
73.5993315516971
74.5003656235058
75.4055117361713
76.7046780241653
77.3827717609238
78.871019263519
79.4543761464301
80.8520356651861
81.4692041007802
82.3025346419308
83.7419478844386
84.0354002020322
85.5100351222791
86.5812171895523
87.648325906368
88.3877296072897
89.6753102738876
90.549041697057
91.9443469247781
92.9067626253236
93.716720121447
94.7522922062781
95.0297437065747
96.0533785687294
97.2019369101617
98.606329977978
99.6473376767244
100.589860511478
101.502947604051
102.349956975086
103.022378101712
104.345767376944
105.958159749163
106.699617598904
107.432542023715
108.763123000739
109.141038123984
110.484399551526
111.676893196302
112.550832469249
113.905516373459
114.449372683652
115.597650294658
116.886582585983
117.207146079279
118.04118839209
119.473698891932
120.688123963075
121.049495002022
122.974281514296
123.891170562478
124.797361568548
125.754665645538
126.18386123213
127.414997271029
128.959654801991
129.026334165595
130.665428221459
131.742218943313
132.830777717289
133.958773967344
134.684108707123
135.575722575188
136.862608279102
137.411167789716
138.334472915391
139.484631754225
140.970333178295
141.509651756613
142.671349680983
143.254882500041
144.516354843508
145.319797132397
146.807457406307
147.583364266669
148.367484310875
149.218209095765
150.194803157821
151.098839036888
152.892126487335
153.183481956832
154.558353821514
155.461391198914
156.772068750579
157.179042617325
158.352369743632
159.458314029966
160.284864406334
161.963628426893
162.400436990429
163.695651277434
164.550403108122
165.321794830495
166.348002195358
167.98521967046
168.353284138953
169.998420237564
170.934722252423
171.057848854689
172.195570721524
173.029843954137
174.619675383205
175.198224179447
176.297420807183
177.69796270621
178.155627730535
179.253498201258
180.165450018598
181.849733029492
182.298503832892
183.5049778393
184.577924532816
185.056545349071
186.749167853501
187.35504693957
188.549102168065
189.74338107463
190.515279378043
191.928358300822
192.537752983393
193.157242174493
194.334648730466
195.379908615723
196.262877136469
197.260148688685
198.886647759471
199.654974429403
