0.262441674713045
1.70705530396663
2.23245870904066
3.15930039202794
4.48790339520201
5.14653158909641
6.10179103724658
7.91645754617639
8.51573092956096
9.11942016892135
10.4853216996416
11.9399558792356
12.039714448154
13.2311520152725
14.9519066016655
15.7809952525422
16.4805424576625
17.5613823565654
18.2176688015461
19.81810012809
20.9172326673288
21.6523088412359
22.2350898503792
23.4623483743053
24.3436151682399
25.7711283729877
26.7538443021476
27.3554441626184
28.9389542457648
29.5692314165644
30.6122168134898
31.1575628868304
32.6006483640522
33.4923042191658
34.9090970228426
35.3472417448647
36.2189861463849
37.4404776517767
38.5809522611089
39.9389526708983
40.978786328109
41.7330255110282
42.4850120772608
43.3222617325373
44.2351074265316
45.1512880062219
46.782248618314
47.7002856060863
48.7070623144973
49.3375687391963
50.8334547451232
51.2730606324039
52.8454964202829
53.7618446375709
54.3940058145672
55.8322314573452
56.9563424598891
57.2750543272123
58.9939642080572
59.6489962139167
60.9764360229019
61.8657794790342
62.1820872346871
63.7381356123369
64.8687605308369
65.2398603658658
66.6463880927768
67.0179354203865
68.4038678235374
69.5946442524437
70.3623710637912
71.684813833097
72.4062440819107
73.9365338499192
74.1406433598604
75.3261010211427
76.8789367009886
77.968747748062
78.9833247845527
79.9102494188119
80.1953059430234
81.9539924534038
82.8544875301886
83.6105137495324
84.0054204505868
85.0215328175109
86.2289618584327
87.1077988562174
88.1582604283467
89.0412207290065
90.1331342332996
91.2517910848837
92.1753423924092
93.6283633657731
94.6469051600434
95.6653751267586
96.1228406126611
97.2855604246724
98.2477678277064
99.3083984376863
100.392704645405
101.317136327038
102.173042344395
103.968393798219
104.234375623288
105.539006806444
106.659308476374
107.658006595913
108.389714064542
109.382813400589
110.832356894622
111.40932014375
112.801404827042
113.95570496656
114.217699420638
115.330067788018
116.990004367661
117.196964442264
118.496879417682
119.953371915035
120.591707169777
121.915827882476
122.740029624896
123.610842661699
124.680729708634
125.10215162579
126.001693341415
127.556494277669
128.812053560046
129.690115660429
130.105955738109
131.087362176972
132.606740007875
133.419634208316
134.409924566746
135.728208704852
136.80997875263
137.45811464102
138.373464753386
139.765443073586
140.431553063914
141.230772186304
142.213676791638
143.912777879974
144.466697034426
145.847091555363
146.98815764091
147.381056102924
148.717823636252
149.466208230238
150.585089886561
151.839624084998
152.39009818784
153.709341055015
154.544036541367
155.715540553676
156.942293430213
157.886326079257
158.1692428682
159.579752493417
160.847394100856
161.1224186779
162.574389624642
163.173040786292
164.094961432507
165.849289699225
166.53983469191
167.522917608032
168.293116070097
169.151596225798
170.768122510752
171.380503629334
172.131072643213
173.189220718341
174.564757149899
175.150033582468
176.470941333566
177.220845324919
178.530975056114
179.427557371557
180.266467721667
181.729784116149
182.113601261983
183.989832032938
184.257653280161
185.48912516376
186.261924320366
187.729828325566
188.016567128478
189.497670285171
190.791625441285
191.669437633594
192.849920289824
193.773756405106
194.965000725817
195.587729067774
196.150990434922
197.609784689965
198.613253820455
199.451964715496
133.071746725822
134.16816942906
135.241665929789
136.132356110495
137.069160324987
138.443948536878
139.109966383781
139.665083240252
140.970870333025
141.786827850621
143.571626299294
143.75993748731
144.854001892265
146.350737659959
146.626296170056
147.832832990214
148.859459744301
150.146756380331
150.736370907864
152.309897357365
152.938734823838
154.059472425142
155.250055987155
156.227911981754
156.931106681935
158.03631580458
159.095048380317
160.439606490312
161.137421445223
161.755008680047
163.212038016878
164.492248399882
164.703555793269
166.015787441051
167.545493766665
167.918606739258
168.714839130407
169.656954194186
171.494272146607
172.066427182173
173.483481848612
174.061482138932
175.479119060561
175.71387913567
177.248816811014
178.076541033806
179.150185419712
180.114298484521
180.976984371897
181.915792146232
182.925581287825
184.592251674272
185.15491143032
185.687910839682
187.270506968256
188.547023738036
189.437686613994
189.817748379428
191.493629126577
191.658930307487
193.395936302608
194.399775204482
195.600116736954
196.008711396484
197.48771052761
198.042345878202
199.169519695453
200.188918803353
201.320879185107
201.616171929287
202.79494262184
204.540628226008
205.001917562215
206.139856641879
206.941713933833
208.549245998729
209.256393520627
209.881860533031
211.176279221196
212.605981942266
212.650762325153
214.580246594269
215.339628007729
215.824487226782
216.829762652051
218.12204667856
219.492468413431
219.693424835801
221.594927889295
222.24594771117
222.6253970752
224.580131976632
224.723394938046
225.869739439804
227.036381914513
228.14296228718
229.437954511261
230.129864980234
230.953904577764
232.48501375271
