0.295811546035111
1.70264094951563
2.02383006433956
3.65907126991078
4.15031860675663
5.22884784522466
6.16636969824322
7.41008735168725
8.77142593218014
9.28040783759207
10.6335164078046
11.7713755005971
12.5789729980752
13.0919575556181
14.6246899426915
15.5866416462231
16.7777955983765
17.6987821429502
18.7058776135091
19.2207470941357
20.424897329649
21.7917551216669
22.0653931407724
23.3268715501763
24.147324943915
25.3964378689416
26.3032579647843
27.6059364087414
28.8561330353841
29.0843919946346
30.8949958661105
31.0873850490898
32.9528319167439
33.0490337999072
34.3833555660676
35.6772950757295
36.0805833360646
37.1247064655181
38.0862260502763
39.719561314676
40.1134874718264
41.4305799470749
42.8221897892654
43.4434725961182
44.2181930895895
45.6723267312627
46.2514606954064
47.9524550812785
48.0664582431782
49.3767242101021
50.0145553902257
51.6749962749891
52.2074092486873
53.1221776087768
54.9064096654765
55.4682057450991
56.6542378063314
57.7802182456944
58.3492893790826
59.0207281357143
60.760988727212
61.4222093624994
62.2213842291385
63.3699798951857
64.5483381855302
65.9904732450377
66.7384289545007
67.8031944991089
68.662075644359
69.1787731891964
70.2019161817152
71.8430284589995
72.6211935661267
73.1770674400032
74.6371476545464
75.2244920234662
76.9915363399778
77.1112544052303
78.5515665123239
79.3309672442265
80.7669391878881
81.5569606209174
82.6713699889369
83.3425532728434
84.7224175345618
85.4855748324189
86.4677181588486
87.9382622726262
88.9163338209037
89.3637570745777
90.628470844822
91.5818439261056
92.1210735712666
93.8268188694492
94.0479166596197
95.6592627845239
96.8220233339816
97.554805645952
98.795838768594
99.1986354349647
100.387634767918
101.615273792995
102.80767320795
103.975764750969
104.38591064862
105.988701148657
106.120183652034
107.652517611394
108.329720296199
109.816480609588
110.09325299738
111.855628854828
112.021203494864
113.650707266526
114.943653944647
115.300695051439
116.882888978114
117.765632136259
118.177925253287
119.754107176792
120.904124962399
121.091461834731
122.891118423082
123.845224468503
124.000445733313
125.521219532704
126.346063337056
127.400624928763
128.46228670422
129.145230911905
130.242890128866
131.406675098464
132.250211131992
133.70939506474
134.972974210978
135.134689382045
136.684405903099
137.502654348966
138.790927255293
139.443856527563
140.974090540549
141.981507660123
142.605987251038
143.206650565378
144.822881848319
145.435798697406
146.739848034224
147.175048447913
148.216486774851
149.574164835969
150.55293249758
151.285542738624
152.984004023019
153.029589904472
154.658195379423
155.635874206666
156.485922357067
157.92004478164
158.488682029536
159.195059636142
160.638419217896
161.111079565017
162.593098966638
163.238330134191
164.951519868802
165.232549076434
166.468779836781
167.61081344774
168.831135423156
169.883013736224
170.593662289204
171.637290513143
172.910178614315
173.690717301099
174.762360656401
175.560716437642
176.410776508274
177.100790419849
178.167647457449
179.66508441628
180.030131087638
181.066209851531
182.616815773072
183.693406854756
184.344308398897
185.216788722435
186.029833104927
187.365254983772
188.701267651748
189.23330033198
190.959376384737
191.023862564936
192.159929322312
193.84367250558
194.812786891591
195.911064072512
196.024354228983
197.428256143816
198.779366531176
199.606736607151
