0.0501955971121788
1.18015917856246
2.42061135196127
3.22936949832365
4.61980309546925
5.25936543522403
6.10613867687061
7.83909607655369
8.79626673599705
9.59082318958826
10.4171038153581
11.4855559656862
12.8105006834958
13.7522424953058
14.3572668740526
15.9479539252352
16.6987998622935
17.6918833798263
18.8750449623913
19.4676407675724
20.7702211972792
21.468528715428
22.0187005619518
23.5269236851018
24.252712197369
25.7416567225009
26.1667981380597
27.0362189025618
28.5437897075899
29.7408197131008
30.7940140780993
31.010764438659
32.2349480625708
33.5547075164504
34.1468217738438
35.5599825663958
36.0346760447137
37.5228725250345
38.4781327839009
39.7647968342062
40.1025920091197
41.1245542310644
42.4482464708854
43.8591617776547
44.6788701312616
45.8718675896525
46.0218345953617
47.2714595978614
48.4827970066108
49.9729433509056
50.1078335365746
51.4479931821115
52.5499387469608
53.805667881621
54.3861284386367
55.3150881419424
56.0080953231081
57.771652219817
58.1878884320613
59.1273830300197
60.386310686823
61.0370985839982
62.7708684077952
63.4506486724131
64.1312882856
65.3430339791812
66.7352470306214
67.9802091158926
68.4209292856976
69.9205892274622
70.8412034001667
71.1252930979244
72.5990584872197
73.3814594417345
74.0214897901751
75.9730784851126
76.4597007578705
77.2441401518881
78.1465911669657
79.7325359368697
80.0009437890258
81.2301995025482
82.6823099723551
83.6196901139338
84.8085995276924
85.9367371054832
86.1752828946337
87.1875016011763
88.0362104312517
89.9665137042757
90.2642282836605
91.3856762531213
92.1694253033493
93.7730061544571
94.2907991751563
95.4530126485042
96.3886958614457
97.7698053100612
98.8936790034641
99.5053202838171
100.499407802708
101.051657540957
102.753216117155
103.728874803288
104.092100156471
105.42114785756
106.571778509999
107.719991929829
108.945173497777
109.992762229871
110.729587938171
111.189489649376
112.945555491373
113.545937835705
114.903009770904
115.778732086299
116.298492979491
117.843229380669
118.753759325249
119.599553531036
120.680833542254
121.681295653107
122.781927768607
123.268777554389
124.47266450664
125.88212536322
126.087630020687
127.026288924972
128.936397700571
129.697760744952
130.110970846843
131.68011763785
132.440350074554
133.410893868422
134.513729046332
135.420235210564
136.261282864492
137.183313026093
138.710865311325
139.841466204496
140.886037817458
141.077181661734
142.824896985665
143.244617725955
144.643395926571
145.882614130154
146.918426989578
147.841395589523
148.028434762266
149.22305940208
150.527800450567
151.235045009991
152.545948120533
153.964728104882
154.283084385563
155.007288829889
156.570221712813
157.298004854936
158.204864677275
159.239196024602
160.575684599113
161.272057402181
162.033086141804
163.322025316069
164.026604601881
165.71557586384
166.542429072317
167.984963875031
168.094232940115
169.698889443185
170.861129045021
171.162085970165
172.965920892777
173.195667902473
174.595833919244
175.190063609974
176.118417754536
177.098586655688
178.814987020567
179.655588247348
180.445500404341
181.750101338606
182.085566287627
183.099889298668
184.655535569414
185.950228417991
186.334738748148
187.986890467582
188.138977390947
189.307966448599
190.884171070065
191.676836511353
192.373567013768
193.956233795267
194.450845010113
195.465059152106
196.990641592303
197.042513954453
198.076261251001
199.732404823182
95.0541881448589
95.6565183047205
97.0302925638389
97.5721380426548
99.1895757247694
99.89589875401
100.373561284272
102.148944753455
103.250616293168
103.938120698556
105.283002287848
105.527139992919
107.113534245873
107.534499955829
108.452728454024
109.861172139412
110.593772864901
112.182736227056
112.948648399906
114.044858892681
114.833489940502
115.584317088127
117.019027668051
117.469438421773
119.016761907842
119.379993144656
120.984374386026
122.045994345332
123.232952461811
123.387712252559
124.958194752922
125.816298018908
126.479500393849
127.556169787887
128.709797237068
129.555950518465
131.055941574275
132.101220670389
132.823607441271
133.786683751503
135.235073111486
136.03172333003
136.895480338484
137.959712579614
138.632203290937
139.885834879708
140.975321587874
141.335784882307
142.330332476646
144.19443906378
145.208242075285
145.935409239959
146.875295620644
148.056943233591
149.191035801312
149.449333492899
151.172603309155
151.585505670635
152.603141340427
153.371780599002
154.990026737796
155.362757917494
156.329467795556
158.172916365787
158.910307923798
159.863526683068
160.642628795467
162.211884705117
162.577762923669
163.919706732035
164.432090002811
166.216705365339
166.94170326204
167.768128617899
168.763011099305
170.278024083236
171.046676410362
172.274633199209
172.978244372644
173.844462740934
174.359699110733
176.040352400858
176.32471344294
177.587148967898
178.866210686974
179.369117716327
180.469089132035
181.8455078064
182.530712931417
183.446881181793
184.763645180268
185.417008979013
186.649584736442
187.99115450657
189.189346619649
189.756183834746
190.798482397338
191.972861240618
192.774444129318
193.829822425265
