0.208575382828712
1.62779749440961
2.40575473569334
3.76309082214721
4.04498463054188
5.25804691785015
6.93387981993146
7.16686505940743
8.78756774077192
9.64954899344593
10.4146437719464
11.1468882062472
12.801867129514
13.4090964489151
14.6396973466035
15.4091963469982
16.7546305758879
17.5554901186842
18.8633622496855
19.2671355425846
20.1596663142554
21.8844101305585
22.1556351252366
23.1566016371362
24.9164649397135
25.1540608818177
26.6612432659604
27.2308118077926
28.8164725776296
29.1164946078788
30.6115700446535
31.8048738178331
32.2993034999818
33.879294132581
34.6192913122941
35.1530977522489
36.2033127197064
37.1865434788633
38.0961498888209
39.9020322004799
40.5763706224971
41.5878042841796
42.185545329703
43.3735410084482
44.6845847752411
45.2831960017793
46.6125439910684
47.4115556385368
48.9924736714456
49.5599279897287
50.423659702763
51.5383306809235
52.1931013474241
53.5370576349087
54.9168800960761
55.5125600222964
56.0173167088069
57.4153953373898
58.8271275104489
59.5222513945773
60.247055813903
61.1959099555388
62.3704972472042
63.0026531137992
64.2488563191146
65.7896236132365
66.2198838663753
67.8041989807971
68.1055931344163
69.7122591731604
70.3011122508906
71.5034914631397
72.9035009937361
73.193185549695
74.9711948309559
75.0603521026205
76.4366200468503
77.6373742208816
78.9138873124029
79.2784715599846
80.4725226850715
81.138664023485
82.9688086959068
83.8286779089831
84.4263858450577
85.5982336918823
86.9347044383176
87.4915063204244
88.7516555362381
89.998816577252
90.9501930263359
91.3370762257837
92.9214267742354
93.7301160520874
94.1247129456606
95.6580537995324
96.8225591171067
97.5209423059132
98.8291719511617
99.4619851659518
100.828045045957
101.667614889331
102.414029997773
103.757114915876
104.46153777116
105.212980258744
106.986085906625
107.379851228325
108.608633144759
109.475138967857
110.275383077096
111.912362152711
112.462056039134
113.218251720304
114.913825843018
115.384803771973
116.26011190447
117.866906904848
118.537570891203
119.322631643387
120.221240106039
121.456337159965
122.377561577363
123.932615968166
124.686994756572
125.660210264148
126.256082468899
127.483772634761
128.525852251332
129.293258368736
130.662837585667
131.226145676104
132.426274990197
133.2134853194
134.197267214069
135.426836894825
136.778739923378
137.385875824606
138.49787279591
139.505645846948
140.349149530055
141.090503500076
142.964279736159
143.055961069651
144.186874830397
145.455528406426
146.800621202216
147.531493340619
148.593754555797
149.734606837854
150.381396509707
151.306255546864
152.287346616853
153.623287232826
154.821961694164
155.135044540511
156.08994500991
157.088197596371
158.459601717303
159.816176665248
160.013890033588
161.08684268035
162.878751460696
163.062437700806
164.901793896221
165.553804354509
166.98390953429
167.3880032585
168.901864420623
169.81782313087
170.176389770815
171.058587331092
172.221079047304
173.241519124946
174.763258129358
175.71825712081
176.868563264143
177.523577769287
178.682207264937
179.4665850366
180.255666295765
181.716502777766
182.975906206761
183.721851035021
184.727347151609
185.487522719894
186.918963509146
187.891187995207
188.931957104709
189.025574379601
190.39757845737
191.452767647803
192.552787873661
193.941798621789
194.270739546046
195.51617469918
196.35554091516
197.53952375683
198.278906311374
199.120751586743
