0.595181420212612
1.78638818790205
2.98775605857372
3.70083910273388
4.90492845978588
5.89761093817651
6.32454949058592
7.53396638552658
8.49645844567567
9.49520332948305
10.3082608012483
11.2356931881513
12.5941068269312
13.8126643549185
14.9663731507026
15.2988122957759
16.59242748213
17.8496570345014
18.3413192259613
19.8205862084869
20.2675675048959
21.3084322905634
22.1802834686823
23.2857850857545
24.582485095365
25.4733944849577
26.0204856647179
27.8408126148861
28.8584045942407
29.048867426347
30.4548802128993
31.6462524228264
32.5666428469121
33.4355583288707
34.7522231363691
35.9750694627874
36.5716498252004
37.9871868691407
38.4342039329931
39.1160804626998
40.1430405681022
41.3355267816223
42.5023606431205
43.2341204404365
44.2401230377145
45.6266331523657
46.6064217109233
47.4957055486739
48.6075623973738
49.8689945407677
50.6882474985905
51.5933806512039
52.0621574996039
53.8968791994266
54.5700855911709
55.3132058095653
56.3524569324218
57.7695447478909
58.4090503964107
59.4910187588539
60.3981789120007
61.4055142798461
62.5185704773758
63.4029339593835
64.1903555106837
65.833149981685
66.7478904665913
67.9440642779227
68.2036211858504
69.747173988726
70.5555938442703
71.8929765005596
72.8224355941638
73.6571438922547
74.1976298249792
75.6235940977931
76.6212980265263
77.8452125655022
78.7258416395634
79.1105679536704
80.846792397555
81.0012235941831
82.8994304260705
83.1412882225122
84.4716579318047
85.8324852227233
86.669229505118
87.4472202486359
88.1236300403252
89.7923168602865
90.2070883652195
91.3191366610117
92.2571408601943
93.021188005805
94.7926713658962
95.0718502884265
96.1889638281427
97.0948189836927
98.2685403109062
99.8982457183301
100.327798896236
101.570891052485
102.485526961274
103.440817156807
104.829759339336
105.730201197322
106.888955194969
107.017797763227
108.080886751181
109.528410052182
110.1752447451
111.144488287624
112.086405363167
113.135559785645
114.947363892337
115.562378501054
116.703194000758
117.13945421786
118.742883879226
119.423731626011
120.9029546089
121.086179751204
122.52883642097
123.220272768755
124.279214534443
125.495321967639
126.309038633713
127.763332089875
128.78631713707
129.533279894851
130.769364301348
131.473960490199
132.96187832742
133.292619349435
134.258872280363
135.396047288319
136.823172941804
137.454347252846
138.609406234929
139.753681112546
140.263247722061
141.240307787666
142.783110542921
143.460207226221
144.213901510928
145.902937042527
146.100611952133
147.598044680431
148.605168593349
149.739712161478
150.673012332758
151.115451338002
152.62767006061
153.836669601034
154.965877146227
155.036984871142
156.740374545567
157.830847075675
158.453728416935
159.296670079697
160.126236216398
161.763616922079
162.830056078034
163.130814929958
164.896683150204
165.080688300775
166.667767680949
167.151433092076
168.248143835226
169.007876241114
170.942826277344
171.165763453813
172.852238197578
173.250166155864
174.722585063661
175.863310401095
176.203717821278
177.961744521046
178.503661235794
179.25669873599
180.743335315725
181.553012694232
182.45044124499
183.694089063676
184.579752950929
185.265078052413
186.644275817554
187.696649987251
188.156348163262
189.85689518298
190.814115242567
191.78804160771
192.201537035638
193.387961338041
194.481985351536
195.491732406197
196.750503827818
197.946646772791
198.379855288658
199.959417053265
79.3136527943425
79.8682353200857
81.2046254801098
82.0997382309288
83.4045837868471
84.2676920359954
85.0156968689989
85.8601206766907
86.8908949943725
87.9959727108944
89.0582482484169
90.1162620470859
91.3987850912381
91.9629439157434
93.0647145425901
93.9454712579027
95.4210337749682
96.2842009197921
97.5352927963249
98.5498152922373
99.1135452836752
100.015739004593
101.390111720888
102.648959540296
103.528644043719
104.454814191442
105.326887757052
106.364112183917
107.716108081629
108.685948399594
108.782947893022
109.977396775968
110.726491852896
112.204115953995
113.104698392563
113.968118518358
115.131266953191
116.421314562671
116.874869957566
117.960159318056
119.118413217599
119.918366635451
120.954356467118
122.551293720491
123.55915340269
123.982909816317
125.322451299056
126.272997162072
127.213037799578
128.604300652863
128.780744454823
130.35194251826
131.165965316119
132.399554269388
133.430097582517
133.808966660406
135.715231379028
136.22864848678
136.982575107832
138.203111274168
139.296750775538
139.932205711259
141.171747603919
142.701365981949
143.527581722243
144.270543849561
145.292220635805
146.622083780123
146.914033066016
148.185629722429
149.53364289552
149.966018912382
151.592764968285
152.548410331365
153.470206038561
154.430655588629
155.556456481339
156.607259156881
157.010209860513
158.499126523267
158.899043347919
160.363912084373
160.936377516249
162.546968297102
163.593051510397
164.345943082124
164.796364020091
166.235122188227
166.727658291347
167.77996378555
169.594811860239
170.431522005936
171.43811806757
172.658816956915
173.686557808425
174.616144099971
175.324580056593
176.291278765304
176.989303098293
178.430454988033
