0.717949974583462
1.45691994437948
2.29810572578572
3.53059379965998
4.70262374123558
5.14849150693044
6.76290816999972
7.44025333970785
8.94057317846455
9.45467577385716
10.4171904467512
11.6428207566496
12.7926489505917
13.7795729187783
14.3646649653092
15.3436226039194
16.3831068810541
17.7307052409742
18.7407062035054
19.5042922166176
20.2165815623011
21.0855471170507
22.3371651209891
23.8615702895913
24.7840658412315
25.0214664503001
26.2840115798172
27.4793112706393
28.8364752260968
29.5252275713719
30.5901643130928
31.371837775223
32.7748395735398
33.352782699978
34.8308477154933
35.2058152123354
36.4669100581668
37.4391167790163
38.1650663691107
39.8724764271174
40.3464577258565
41.2061742118094
42.0946131797973
43.7443400141783
44.3794335883576
45.53968781
46.1093599051237
47.0297305942513
48.8118142487947
49.7880904325284
50.4208874925971
51.0815099573229
52.2102500481997
53.4345629613381
54.7295512382407
55.0567595725879
56.0578262612689
57.0803923537023
58.154336346779
59.4753307993524
60.3538702107035
61.1466929928865
62.6795757801738
63.582048807526
64.4311516177841
65.4431841867045
66.8085663642269
67.3868250569794
68.5585372031201
69.1910487411078
70.5282538395841
71.8189028562047
72.9976375419647
73.2513432088308
74.5691129066981
75.6020746347494
76.9144441927783
77.5066455290653
78.3467000306118
79.8583276604768
80.302657364402
81.2515701707453
82.4261535259429
83.0052334340289
84.9895097208209
85.8484256616794
86.2623916966841
87.3576517261099
88.4663912944961
89.9469789057039
90.4090867829509
91.6478506736457
92.6458399507683
93.2712433431298
94.4763643981423
95.5923698069528
96.416818468133
97.755803918466
98.0364936899859
99.830603947863
100.384633818176
101.791089537786
102.040856208419
103.341938387603
104.477306359215
105.814462005161
106.86217675684
107.726926154457
108.673709231662
109.421456387267
110.613142334623
111.135561547708
112.513886520406
113.527704882436
114.57971846126
115.269692591159
116.115255272714
117.76502389065
118.127203359269
119.6880271025
120.049632520881
121.606827026699
122.783740824321
123.607104926137
124.092379580019
125.363742909627
126.056616655085
127.401936598355
128.98089125962
129.876245622523
130.378024220932
131.789244076004
132.721648260253
133.810323235812
134.141025855206
135.659786451375
136.524527359055
137.970834714593
138.752858829219
139.699994247407
140.954570979811
141.785175553989
142.28839770332
143.031807319494
144.161984466016
145.172560817562
146.159402570454
147.292325234273
148.510985247791
149.942019118695
150.496599446749
151.657119825482
152.173069733661
153.074657582678
154.383915676968
155.061879472109
156.244900090154
157.861840627156
158.056810196023
159.44735177164
160.740764039103
161.093416826334
162.622331818566
163.856045212131
164.926386108622
165.706219155574
166.915438000346
167.11124513601
168.649520948762
169.549744620919
170.108329048846
171.664361232193
172.420555709628
173.324514465407
174.423947198084
175.157164948992
176.625880430685
177.115525831934
178.963424458867
179.658560462762
180.438368270174
181.793571008835
182.893225419801
183.918101229705
184.226071914658
185.721499164123
186.644544485956
187.599913500249
188.30301036546
189.951115785632
190.991457764292
191.002129763598
192.14404300251
193.537043867633
194.899547965033
195.639037596062
196.18323955941
197.503601773642
198.933450916316
199.251962700393
