0.442894401028752
1.47556211450137
2.35092534287833
3.9072713914793
4.76556514995173
5.70806552376598
6.62622017646208
7.96872386429459
8.88149965275079
9.58697681035846
10.7699729399756
11.2910972104874
12.1084360168315
13.7036497939844
14.9646399195772
15.5467906901613
16.1258442704566
17.5101891660597
18.5568874292076
19.0466746308375
20.3532984254416
21.2272487173323
22.674504613271
23.2510521567892
24.3938688638154
25.4861911393236
26.1192076373845
27.3215388297103
28.8815268559847
29.5432396968827
30.3599909956101
31.0942632229999
32.6270391414873
33.2687801141292
34.8740322985686
35.124872075161
36.1736831672024
37.4945905371569
38.624253034126
39.2001838684082
40.4326452980749
41.952773850644
42.9138013701886
43.5665924907662
44.235051386524
45.3990043813828
46.9209843159188
47.6610986092128
48.4840799807571
49.5818416383117
50.0061663091183
51.0179097980727
52.7630421279464
53.7675845895428
54.4308104915544
55.5801471250597
56.8582859823946
57.81384558836
58.5135413212702
59.8984191261698
60.0629299068823
61.049577180529
62.1417457957286
63.3969319337048
64.7172210575081
65.8276971536689
66.9732235155534
67.9510547630489
68.1929642746691
69.5835561901331
70.6168371338863
71.5633038775995
72.3481632650364
73.4776675261091
74.469817422796
75.7135335400235
76.9606635062955
77.3540527140722
78.8234121436253
79.2639864792582
80.2162357589696
81.9391185527202
82.3554565249942
83.9592528308276
84.7925839507952
85.3364043792244
86.9228093251586
87.5586048997939
88.1190670952201
89.8578512154054
90.8364241821691
91.8812205034774
92.5642971675843
93.3476781141944
94.6453818774316
95.2130612535402
96.6416240318213
97.6993599105626
98.6455394381192
99.0865946304984
100.206621097634
101.917718553217
102.160388795892
103.608149866574
104.753207843751
105.532098806696
106.787079295376
107.838560723234
108.201049108058
109.339196417714
110.700684937881
111.730337088695
112.210012667812
113.645421666326
114.706700663548
115.079809584189
116.414156164275
117.550671573263
118.650671245065
119.096158314496
120.817173613003
121.112653471297
122.26513971854
123.244341639569
124.330223548925
125.263022569008
126.365958874812
127.236256623408
128.779597590212
129.111089952989
130.559569477802
131.318698655814
132.694339794805
133.852516287938
134.596469721058
135.82735220273
136.669817365939
137.867847049609
138.516898137052
139.632326492108
140.038350626826
141.841028882191
142.261748534394
143.600119593553
144.904633127153
145.063651104225
146.819553022739
147.073146058945
148.450921835145
149.600868120557
150.587383379461
151.651012201328
152.200577213196
153.577449761564
154.991950501455
155.121977353003
156.761644112179
157.926049402682
158.997638430912
159.552127557341
160.487553251442
161.096347529907
162.830140691949
163.496272150194
164.750301755499
165.530586546985
166.205666209571
167.26362226787
168.625072731171
169.362613784848
170.895908636041
171.206032958813
172.475160455797
173.893904692726
174.12914571166
175.473429983715
176.929353428539
177.841311731609
178.717453518882
179.183138306951
180.181638679001
181.410394789185
182.366516102804
183.238146702293
184.338819758734
185.509157119319
186.231400953373
187.054102728609
188.250484849093
189.219176321989
190.380738084204
191.429692149395
192.29840314202
193.331038525328
194.474116694415
195.217579279095
196.563441934995
197.671728305519
198.772766143549
199.664098098874
