0.663309370866045
1.28173621301539
2.79408718529157
3.8573883457575
4.02976736263372
5.79972293577157
6.83628368820064
7.12592554208823
8.64617367484607
9.28547538816929
10.727797425352
11.5670410001185
12.0563381568063
13.1876819559839
14.6873951910529
15.7367548770271
16.6860603489913
17.7050385877956
18.2175870686769
19.3079212796874
20.2740565969143
21.1685705550481
22.1639671521261
23.6975729838014
24.1296042050235
25.0871136288624
26.2508670501411
27.8427312660497
28.2607363283169
29.0475009428337
30.3197328874376
31.1673097105231
32.5436728256755
33.3959876548033
34.2930832249112
35.5974906485062
36.1598753780127
37.8896852666512
38.5111169391312
39.5236408505589
40.7131888347212
41.0978715259116
42.9823895648587
43.9453149004839
44.5645519350655
45.1852613745723
46.7137954921927
47.1741209793836
48.0803746925667
49.2945170414168
50.5566334063187
51.7997773529496
52.2222022779752
53.554262508871
54.5540119409561
55.3863517486025
56.3787969395053
57.80843828246
58.8162777107209
59.2952269536909
60.9711457900703
61.6892384735402
62.6389019903727
63.6846768020187
64.0099491663277
65.1772542647086
66.6017582006752
67.8036581815686
68.3638872464653
69.6480118287727
70.0516579181422
71.3249104935676
72.6162773803808
73.6810064783785
74.3330563351046
75.6726232848596
76.5020689789671
77.2658646428026
78.317573670065
79.2011342965998
80.5771212489344
81.0534309144132
82.6587147905957
83.9702370923478
84.9887937325984
85.246076888172
86.4009623245802
87.1619438470807
88.7469757068902
89.5777652170509
90.0307760846335
91.6697391655762
92.3280291843694
93.7479062874336
94.8635047413409
95.6060619091149
96.384514028905
97.0458388137631
98.3909367972519
99.5398054574616
100.956660509109
101.575717926957
102.874955010833
103.372054814361
104.294186544372
105.786674345378
106.782570236363
107.565158603014
108.133694290416
109.345067866147
110.459230340784
111.31936327205
112.517442338169
113.756929816445
114.368149362272
115.208339481382
116.503803143976
117.149703922914
118.902008238249
119.225333808688
120.804177002981
121.598501687869
122.948418500368
123.996247823117
124.380316167604
125.435174731305
126.199809646932
127.621607959736
128.473057139898
129.787610123632
130.524911864894
131.283161449246
132.104073165683
133.079489689087
134.142693831818
135.947205621982
136.700219351798
137.20379496133
138.64775068895
139.782336712116
140.83545071166
141.759096274851
142.03090313077
143.593239513924
144.872098071966
145.269926021574
146.8522707636
147.133251124294
148.427387165837
149.433561421465
150.268209627597
151.585631512338
152.701962274965
153.360207031947
154.079411380691
155.145682179136
156.089246048825
157.762912579346
158.545306871179
159.544342720881
160.112892860081
161.380438242108
162.116592022823
163.257975928485
164.984446929535
165.663519596681
166.237282300135
167.618666387862
168.456918115029
169.836038825568
170.698484316003
171.573711812962
172.001860303804
173.735797501635
174.685224884888
175.07682311628
176.372194561409
177.030647137901
178.163695025258
179.901269901777
180.72193009383
181.844215532299
182.657850662246
183.698453683406
184.07151844562
185.372847324936
186.984615319176
187.275722902967
188.766063065967
189.400663363282
190.29897558107
191.586471907562
192.081711524865
193.896818453213
194.700382323936
195.779656854691
196.837273001904
197.793999118032
198.222349899588
199.135581581155
103.746424406767
104.4310360495
105.581767448923
106.66068579955
106.935160716763
108.269281073241
108.959553540219
110.797244626097
110.927750167903
112.379708752502
113.449744167738
114.323728581658
115.089444522979
116.302197912708
117.307245700853
118.443479296286
119.547220860142
120.68098860234
121.38043557317
122.110427032458
123.547511331271
124.654906823765
125.114497045754
126.154906822136
126.94965623715
128.288371155271
129.07978039328
130.284265095135
131.682895919774
132.74419559096
133.233610470081
134.299039614154
135.005149346078
136.305736657698
137.186865117634
138.202336031944
139.538123031612
140.301920688478
141.158527765423
142.725032492308
143.150424264837
144.712658093544
145.516261329642
146.677195921075
147.244997604517
148.088439398911
149.216910927789
150.511239803862
151.27974092355
151.89645566931
153.870611977298
154.368699725019
155.158062350471
156.629161191406
157.209241614677
158.327464788454
159.214806947159
160.20277361339
161.410461601336
162.036607596325
163.592697002692
163.927907098085
165.800940636545
166.35134706134
166.996824698988
167.978941714624
169.554952468956
170.649337006733
171.455084842863
172.256270150421
173.67451819242
174.623480802868
174.942130383803
176.155345496489
177.460281106643
178.650529225124
179.779944155598
180.374351666076
181.377369302092
182.020589143736
183.386298079044
184.472591350321
185.13913354231
186.088644491741
187.10012319521
188.51438674517
189.291795446537
190.216999471886
191.771562738111
192.134398692288
193.525512065738
194.309736646945
195.718864498194
196.678655485157
197.291051473469
198.107557765208
198.887117592152
200.475359916687
201.834715868579
202.322945706313
