0.712085275212303
1.43251699907705
2.79406317300163
3.1994037439581
4.29448639368638
5.16982446634211
6.74100912408903
7.60009558987804
8.64317551581189
9.88275899132714
10.3392155459151
11.1357376263477
12.4524173594546
13.642074221978
14.1161255906336
15.6301555573009
16.3859473557677
17.726729772985
18.02637326275
19.6906458507292
20.4902162260842
21.144792504143
22.1899782258552
23.5689945598133
24.9888246094342
25.8684840770438
26.0814384601545
27.0429896339774
28.6099255669396
29.8300919507165
30.2092925375327
31.6226693196222
32.5772121530026
33.8303933951538
34.5265591947827
35.0378508658614
36.0692514579277
37.992438539397
38.8883165097795
39.7050154332537
40.4995228385087
41.0773024007212
42.0336547049228
43.8387173602823
44.9646932072937
45.5382382324897
46.7627379437909
47.3235689464491
48.1915222813841
49.7492496531922
50.9541953287553
51.0560248878319
52.2960391656961
53.8583193572704
54.9216003715992
55.0674643481616
56.3277860996313
57.5775787460152
58.1486601326615
59.0475043922197
60.9901328440756
61.1735400559846
62.2703948789276
63.1142020879779
64.4824600240681
65.2412341719028
66.1059233823325
67.6656639026478
68.6826423413586
69.7480313857086
70.5171220356133
71.1407718574628
72.8596777985804
73.9560960447416
74.0948293332476
75.9329350672197
76.4388314352836
77.2644033816177
78.7539156023413
79.3682411205955
80.1524093002081
81.0480766138062
82.2395474174991
83.0363527631853
84.4694469319656
85.6211982017849
86.3307299197186
87.8023804475088
88.773347996641
89.5903074063826
90.0526625853963
91.9143103486858
92.4983678697608
93.7179245746229
94.1400383193977
95.970988413319
96.7468039984815
97.6541713867337
98.1998989782296
99.6069075844716
100.829814091325
101.474128596019
102.631256099558
103.746607698966
104.187861065147
105.434453782625
106.065960498061
107.386180690723
108.044680476421
109.650574576575
110.673388799885
111.403295462485
112.511482410831
113.991467225133
114.109504609834
115.942915091757
116.81394826062
117.754095749464
118.164925061865
119.591655780561
120.249543878948
121.48082305491
122.300041448325
123.218951374525
124.70864132815
125.647656800691
126.11905870284
127.70325559238
128.124167144299
129.272282899125
130.535734331701
131.608397027245
132.54570239177
133.015454500448
134.741062364774
135.508138382109
136.411648388486
137.374111431651
138.026707198005
139.820952042704
140.581041137921
141.945719813462
142.713120754808
143.866672779666
144.319517469034
145.094712394523
146.96526881028
147.748546759831
148.189329264453
149.451124792919
150.117843030486
151.509600126883
152.942291332176
153.193572509801
154.241804234451
155.032487095334
156.225788566982
157.491194322007
158.75952366204
159.285926638171
160.797338450793
161.285930430284
162.3062238032
163.289825116983
164.448572440539
165.929091319675
166.325506720925
167.30264179199
168.118880194379
169.288502114592
170.557060730644
171.420350214466
172.70735850418
173.331151173217
174.479941444704
175.70009550848
176.501004423713
177.506247927668
178.49965719576
179.989895756124
180.701537087094
181.372204615036
182.436071024276
183.554512724746
184.847937213257
185.89712404483
186.697876188671
187.876243115868
188.027001647977
189.251041231677
190.778006543173
191.655996548478
192.373671487439
193.540182635654
194.448152247583
195.898254496045
196.877020716202
197.638332745293
198.815783551661
199.943460972747
